0.246044E+07       
0.247193E+07       
0.247143E+07       
0.244877E+07       
0.244627E+07       
0.244676E+07       
0.247035E+07       
0.245073E+07       
0.244331E+07       
0.244773E+07       
0.244773E+07       
0.374861E+07       
0.141497E+07       
0.938986E+06       
0.938986E+06       
0.141590E+07       
0.939653E+06       
0.939653E+06       
0.939653E+06       
0.244439E+07       
0.372582E+07       
0.141283E+07       
0.939401E+06       
0.939401E+06       
0.939401E+06       
0.939401E+06       
0.939401E+06       
0.939401E+06       
0.939401E+06       
0.939401E+06       
0.939401E+06       
0.244065E+07       
0.245371E+07       
0.245009E+07       
0.245009E+07       
0.374893E+07       
0.141175E+07       
0.939739E+06       
0.939810E+06       
0.244988E+07       
0.375131E+07       
0.141304E+07       
0.939925E+06       
0.940341E+06       
0.244965E+07       
0.374583E+07       
0.141267E+07       
0.939953E+06       
0.939863E+06       
