#! dEb_Eb[f,0]/  dP_P[f,1]/   dth[f,2]/    total_chi2[f,3]/    total_redChi2[f,4]/ 
0.0008    -0.0015    -0.0005    2265.2451    323.6064
0.0006    -0.0015    -0.0005    2284.4244    326.3463
0.001    -0.0015    -0.0005    2312.583    330.369
0.0008    -0.0025    0.0    2351.0136    335.8591
0.0004    -0.0015    -0.0005    2370.1211    338.5887
0.0006    -0.0025    0.0    2372.6579    338.9511
0.001    -0.0025    0.0    2395.8867    342.2695
0.001    -0.001    -0.0005    2403.8696    343.4099
0.0004    -0.0025    0.0    2460.8194    351.5456
0.001    0.0    -0.001    2461.9356    351.7051
0.0002    -0.0015    -0.0005    2522.335    360.3336
0.0002    -0.0025    0.0    2615.4983    373.6426
0.0008    -0.0005    -0.001    2650.0833    378.5833
0.0006    -0.0005    -0.001    2666.7977    380.9711
0.001    -0.0005    -0.001    2699.8861    385.698
-0.0    -0.0015    -0.0005    2741.0662    391.5809
0.0004    -0.0005    -0.001    2750.0294    392.8613
0.0008    -0.001    -0.0005    2762.9115    394.7016
0.001    -0.002    0.0    2816.4104    402.3443
0.0008    0.0    -0.001    2818.5125    402.6446
-0.0    -0.0025    0.0    2836.6944    405.2421
0.0002    -0.0005    -0.001    2899.7785    414.2541
0.0008    -0.0035    0.0005    2907.3889    415.3413
0.0006    -0.0035    0.0005    2931.498    418.7854
0.001    -0.0035    0.0005    2949.797    421.3996
0.001    0.001    -0.0015    2990.6082    427.2297
0.0004    -0.0035    0.0005    3022.1245    431.7321
-0.0002    -0.0015    -0.0005    3026.3147    432.3307
-0.0004    -0.003    0.0    3066.9077    438.1297
-0.0006    -0.003    0.0    3081.2758    440.1823
-0.0    -0.0005    -0.001    3116.0448    445.1493
-0.0002    -0.003    0.0    3119.0567    445.5795
-0.0002    -0.0025    0.0    3124.4077    446.344
-0.0008    -0.003    0.0    3162.1613    451.7373
0.0008    -0.002    0.0    3177.9171    453.9882
0.0002    -0.0035    0.0005    3179.2682    454.1812
0.0006    -0.001    -0.0005    3188.4706    455.4958
-0.0    -0.003    0.0    3237.7231    462.5319
0.0006    0.0    -0.001    3241.6067    463.0867
-0.0004    -0.002    -0.0005    3295.5868    470.7981
-0.0006    -0.002    -0.0005    3307.4901    472.4986
-0.0004    -0.004    0.0005    3308.8352    472.6907
-0.001    -0.003    0.0    3309.5641    472.7949
-0.0006    -0.004    0.0005    3325.6683    475.0955
0.0008    0.001    -0.0015    3344.7202    477.8172
-0.0002    -0.002    -0.0005    3350.2008    478.6001
-0.0002    -0.004    0.0005    3358.5194    479.7885
-0.0004    -0.0015    -0.0005    3378.0805    482.5829
-0.0008    -0.002    -0.0005    3385.9107    483.7015
-0.0002    -0.0005    -0.001    3398.8284    485.5469
-0.0    -0.0035    0.0005    3402.9292    486.1327
-0.0008    -0.004    0.0005    3409.0186    487.0027
0.0002    -0.003    0.0    3422.9068    488.9867
-0.0    -0.002    -0.0005    3471.3321    495.9046
-0.0    -0.004    0.0005    3474.7209    496.3887
-0.0004    -0.0025    0.0    3478.6384    496.9483
0.0008    0.0005    -0.0015    3505.5281    500.7897
0.0006    0.0005    -0.0015    3519.7777    502.8254
-0.001    -0.002    -0.0005    3530.8485    504.4069
0.001    0.0005    -0.0015    3557.7959    508.2566
-0.001    -0.004    0.0005    3558.8863    508.4123
0.0004    0.0005    -0.0015    3600.5445    514.3635
0.0006    -0.002    0.0    3605.9412    515.1345
0.0002    -0.004    0.0005    3657.4396    522.4914
0.0002    -0.002    -0.0005    3658.9807    522.7115
0.0004    -0.003    0.0    3674.6077    524.944
0.0004    -0.001    -0.0005    3680.547    525.7924
-0.0002    -0.0035    0.0005    3693.1075    527.5868
0.001    -0.003    0.0005    3699.5579    528.5083
0.0004    0.0    -0.001    3731.2182    533.0312
0.0002    0.0005    -0.0015    3747.8286    535.4041
-0.0004    -0.0005    -0.001    3748.1292    535.447
0.0006    0.001    -0.0015    3765.3496    537.9071
-0.0006    -0.0015    -0.0005    3796.3635    542.3376
-0.0006    -0.0025    0.0    3899.3864    557.0552
0.0004    -0.004    0.0005    3906.6757    558.0965
0.0004    -0.002    -0.0005    3913.1465    559.0209
-0.0    0.0005    -0.0015    3961.63    565.9471
0.001    0.002    -0.002    3989.8876    569.9839
0.0006    -0.003    0.0    3992.826    570.4037
-0.0004    -0.001    -0.001    3994.8727    570.6961
-0.0006    -0.001    -0.001    4004.3111    572.0444
-0.0004    -0.0035    0.0005    4049.8031    578.5433
-0.0002    -0.001    -0.001    4051.9516    578.8502
0.0008    -0.003    0.0005    4063.5295    580.5042
-0.0008    -0.001    -0.001    4080.2668    582.8953
0.0004    -0.002    0.0    4100.4825    585.7832
-0.0006    -0.0005    -0.001    4163.9474    594.8496
-0.0    -0.001    -0.001    4175.5478    596.5068
0.0006    -0.004    0.0005    4222.429    603.2041
-0.001    -0.001    -0.001    4222.7397    603.2485
0.0006    -0.002    -0.0005    4233.8296    604.8328
0.0002    -0.001    -0.0005    4239.1407    605.5915
-0.0002    0.0005    -0.0015    4241.9487    605.9927
0.0004    0.001    -0.0015    4252.4962    607.4995
-0.0008    -0.0015    -0.0005    4281.1639    611.5948
0.0002    0.0    -0.001    4287.347    612.4781
0.0008    0.002    -0.002    4341.5347    620.2192
0.0002    -0.001    -0.001    4365.6613    623.6659
0.0008    -0.003    0.0    4377.5615    625.3659
-0.0008    -0.0025    0.0    4386.6516    626.6645
-0.0006    -0.0035    0.0005    4473.0159    639.0023
0.0006    -0.003    0.0005    4494.0185    642.0026
-0.001    -0.0035    0.0    4532.1453    647.4493
-0.0004    0.0005    -0.0015    4588.7847    655.5407
0.0008    -0.004    0.0005    4604.6996    657.8142
0.0008    -0.002    -0.0005    4621.0301    660.1472
0.0004    -0.001    -0.001    4622.292    660.3274
-0.0008    -0.0005    -0.001    4646.2828    663.7547
0.0002    -0.002    0.0    4661.5411    665.9344
0.0006    0.002    -0.002    4759.6991    679.957
-0.0008    -0.0035    0.0    4791.1224    684.4461
0.0002    0.001    -0.0015    4806.1601    686.5943
0.001    -0.003    0.0    4828.8143    689.8306
0.0008    0.0015    -0.002    4831.5797    690.2257
-0.001    -0.0015    -0.0005    4832.4815    690.3545
0.0006    0.0015    -0.002    4843.3644    691.9092
-0.0    -0.001    -0.0005    4864.2517    694.8931
0.001    0.0015    -0.002    4886.3123    698.0446
-0.0    0.0    -0.001    4909.9931    701.4276
0.0004    0.0015    -0.002    4921.6663    703.0952
-0.001    -0.0025    0.0    4940.4341    705.7763
0.0006    -0.001    -0.001    4945.44    706.4914
-0.0008    -0.0035    0.0005    4962.7461    708.9637
0.0004    -0.003    0.0005    4991.0247    713.0035
-0.0006    0.0005    -0.0015    5002.1379    714.5911
0.001    -0.004    0.001    5053.3121    721.9017
0.001    -0.004    0.0005    5053.4875    721.9268
0.0002    0.0015    -0.002    5066.4855    723.7836
0.001    -0.002    -0.0005    5074.7477    724.964
0.001    0.0005    -0.001    5077.4364    725.3481
-0.001    -0.0025    -0.0005    5082.6669    726.0953
-0.0006    -0.0035    0.0    5116.6166    730.9452
-0.0004    0.0    -0.0015    5164.7653    737.8236
-0.0006    0.0    -0.0015    5171.7388    738.8198
-0.001    -0.0005    -0.001    5195.1355    742.1622
-0.0002    0.0    -0.0015    5224.3091    746.3299
0.0004    0.002    -0.002    5244.3808    749.1973
-0.0008    0.0    -0.0015    5245.2296    749.3185
0.001    0.0015    -0.0015    5276.8719    753.8388
-0.0    0.0015    -0.002    5277.822    753.9746
-0.0    -0.002    0.0    5289.1169    755.5881
0.0008    -0.001    -0.001    5335.1054    762.1579
-0.0008    -0.0025    -0.0005    5344.1089    763.4441
0.001    -0.0005    -0.0005    5348.6076    764.0868
-0.0    0.0    -0.0015    5350.3702    764.3386
-0.001    0.0    -0.0015    5385.2376    769.3197
0.0008    -0.004    0.001    5419.7486    774.2498
-0.0    0.001    -0.0015    5426.3412    775.1916
-0.0008    0.0005    -0.0015    5482.0085    783.1441
-0.0004    -0.0035    0.0    5508.6282    786.9469
-0.001    -0.0035    0.0005    5518.9935    788.4276
0.0002    0.0    -0.0015    5542.9486    791.8498
0.0002    -0.003    0.0005    5554.5482    793.5069
-0.0002    0.0015    -0.002    5555.6758    793.668
-0.0002    -0.001    -0.0005    5555.8799    793.6971
-0.0002    0.0    -0.001    5599.1564    799.8795
-0.0006    -0.0025    -0.0005    5672.0681    810.2954
0.001    -0.001    -0.001    5791.2879    827.3268
0.0002    0.002    -0.002    5795.5798    827.94
0.0004    0.0    -0.0015    5802.0442    828.8635
0.0008    0.0005    -0.001    5840.3931    834.3419
0.0006    -0.004    0.001    5852.7025    836.1004
-0.0004    0.0015    -0.002    5900.0469    842.8638
0.001    0.0025    -0.002    5946.9141    849.5592
-0.0002    -0.0035    0.0    5967.1571    852.451
-0.0002    -0.002    0.0    5983.2101    854.7443
-0.001    0.0005    -0.0015    6028.3963    861.1995
0.0008    0.0015    -0.0015    6037.3637    862.4805
-0.0004    -0.0025    -0.0005    6066.5445    866.6492
0.001    -0.0015    0.0    6090.3855    870.0551
-0.001    -0.0015    -0.001    6103.7953    871.9708
-0.0002    0.001    -0.0015    6113.0397    873.2914
0.0008    -0.0005    -0.0005    6114.0292    873.4327
0.0006    0.0    -0.0015    6127.6571    875.3796
-0.0    -0.003    0.0005    6184.5889    883.5127
-0.0006    0.0015    -0.002    6310.9352    901.5622
-0.0004    -0.001    -0.0005    6314.0254    902.0036
0.0004    -0.004    0.001    6352.1736    907.4534
-0.0004    0.0    -0.001    6354.8371    907.8339
-0.0008    -0.0015    -0.001    6367.7021    909.6717
-0.0    0.002    -0.002    6413.2961    916.1852
-0.0    -0.0035    0.0    6492.2032    927.4576
0.0008    0.0    -0.0015    6519.7874    931.3982
-0.0002    -0.0025    -0.0005    6527.5383    932.5055
0.0006    0.0005    -0.001    6669.8671    952.8382
-0.0006    -0.0015    -0.001    6698.1262    956.8752
0.0008    0.0025    -0.002    6704.941    957.8487
-0.0004    -0.002    0.0    6743.8205    963.4029
-0.0008    0.0015    -0.002    6788.3408    969.763
-0.0004    0.001    -0.002    6805.2646    972.1807
-0.0006    0.001    -0.002    6809.7732    972.8247
0.0008    -0.0015    0.0    6858.272    979.7531
0.0006    0.0015    -0.0015    6864.3728    980.6247
-0.0004    0.001    -0.0015    6866.2554    980.8936
-0.0002    0.001    -0.002    6867.2733    981.039
-0.0008    0.001    -0.002    6880.7991    982.9713
-0.0002    -0.003    0.0005    6881.147    983.021
0.0002    -0.004    0.001    6918.162    988.3089
0.0006    -0.0005    -0.0005    6945.9681    992.2812
0.001    0.0    -0.0015    6978.4349    996.9193
-0.0    0.001    -0.002    6995.7993    999.3999
-0.001    0.001    -0.002    7018.3422    1002.6203
-0.0    -0.0025    -0.0005    7055.0494    1007.8642
0.0002    -0.0035    0.0    7083.7667    1011.9667
-0.0004    -0.0015    -0.001    7095.0676    1013.5811
-0.0002    0.002    -0.002    7097.5296    1013.9328
-0.0006    -0.001    -0.0005    7138.6883    1019.8126
-0.0006    0.0    -0.001    7177.035    1025.2907
0.0002    0.001    -0.002    7190.8426    1027.2632
0.001    -0.0025    0.0005    7302.7701    1043.2529
-0.001    0.0015    -0.002    7332.2638    1047.4663
0.0004    0.001    -0.002    7452.4031    1064.629
0.0006    0.0025    -0.002    7529.4852    1075.6407
-0.0    -0.004    0.001    7550.6676    1078.6668
-0.0002    -0.0015    -0.001    7558.5262    1079.7895
0.0004    0.0005    -0.001    7565.8583    1080.8369
-0.0006    -0.002    0.0    7570.9482    1081.564
-0.001    -0.0005    -0.0015    7595.5303    1085.0758
-0.0004    -0.003    0.0005    7644.2223    1092.0318
0.0002    -0.0025    -0.0005    7649.0777    1092.7254
-0.0006    0.001    -0.0015    7685.9884    1097.9983
0.0006    -0.0015    0.0    7692.6758    1098.9537
0.0004    -0.0035    0.0    7741.8474    1105.9782
0.0004    0.0015    -0.0015    7757.8992    1108.2713
0.0006    0.001    -0.002    7780.481    1111.4973
0.0004    -0.0005    -0.0005    7844.4242    1120.632
-0.0004    0.002    -0.002    7848.2805    1121.1829
-0.0008    -0.0005    -0.0015    7861.902    1123.1289
-0.0008    -0.001    -0.0005    8029.8684    1147.1241
-0.0008    0.0    -0.001    8065.7502    1152.25
0.0008    -0.0025    0.0005    8073.1215    1153.3031
-0.0    -0.0015    -0.001    8088.5022    1155.5003
0.0008    0.001    -0.002    8175.0761    1167.868
-0.0006    -0.0005    -0.0015    8194.791    1170.6844
-0.0002    -0.004    0.001    8249.6906    1178.5272
0.0004    -0.0025    -0.0005    8309.6233    1187.089
0.0004    0.0025    -0.002    8420.5467    1202.9352
-0.0008    -0.002    0.0    8464.5933    1209.2276
0.0006    -0.0035    0.0    8466.4454    1209.4922
-0.0006    -0.003    0.0005    8473.8149    1210.545
0.0002    0.0005    -0.001    8528.3669    1218.3381
-0.0008    0.001    -0.0015    8572.2387    1224.6055
0.0004    -0.0015    0.0    8593.5969    1227.6567
-0.0004    -0.0005    -0.0015    8594.1973    1227.7425
-0.001    -0.004    0.0    8608.178    1229.7397
0.001    0.001    -0.002    8636.1885    1233.7412
-0.0006    0.002    -0.002    8665.5486    1237.9355
0.0002    -0.0015    -0.001    8684.9954    1240.7136
0.0002    0.0015    -0.0015    8717.9428    1245.4204
0.0002    -0.0005    -0.0005    8809.3977    1258.4854
0.0006    -0.0025    0.0005    8909.9902    1272.8557
0.001    -0.0035    0.001    8985.7614    1283.6802
-0.001    -0.001    -0.0005    8987.5657    1283.938
-0.0004    -0.004    0.001    9015.2308    1287.8901
-0.001    0.0    -0.001    9020.9827    1288.7118
0.0006    -0.0025    -0.0005    9036.6862    1290.9552
-0.0002    -0.0005    -0.0015    9060.1209    1294.303
0.0008    -0.0035    0.0    9257.5606    1322.5087
-0.0008    -0.004    0.0    9273.5347    1324.7907
0.0004    -0.0015    -0.001    9348.0059    1335.4294
-0.0008    -0.003    0.0005    9369.9248    1338.5607
0.0002    0.0025    -0.002    9378.1254    1339.7322
-0.001    -0.002    0.0    9424.7555    1346.3936
-0.001    -0.003    -0.0005    9487.9367    1355.4195
-0.001    0.001    -0.0015    9525.0063    1360.7152
-0.0008    0.002    -0.002    9549.334    1364.1906
-0.0    0.0005    -0.001    9557.3927    1365.3418
-0.001    0.0005    -0.002    9557.872    1365.4103
0.0002    -0.0015    0.0    9561.0352    1365.8622
-0.0    -0.0005    -0.0015    9592.5617    1370.366
-0.0    0.0015    -0.0015    9744.5037    1392.072
0.0008    -0.0035    0.001    9758.5777    1394.0825
0.0004    -0.0025    0.0005    9813.3762    1401.9109
-0.0008    0.0005    -0.002    9826.7086    1403.8155
0.0008    -0.0025    -0.0005    9830.2664    1404.3238
-0.0    -0.0005    -0.0005    9840.8884    1405.8412
-0.0006    -0.004    0.001    9847.2883    1406.7555
-0.0006    -0.004    0.0    10005.4088    1429.3441
0.0006    -0.0015    -0.001    10077.5337    1439.6477
0.001    -0.0035    0.0    10115.1932    1445.0276
-0.0008    -0.003    -0.0005    10155.7584    1450.8226
-0.0006    0.0005    -0.002    10162.0625    1451.7232
0.0002    -0.0005    -0.0015    10191.5198    1455.9314
-0.001    -0.003    0.0005    10332.552    1476.0789
-0.0    0.0025    -0.002    10402.2215    1486.0316
0.001    0.002    -0.0015    10416.5869    1488.0838
-0.001    0.002    -0.002    10499.6366    1499.9481
0.001    0.001    -0.001    10546.3885    1506.6269
-0.0004    0.0005    -0.002    10563.9337    1509.1334
-0.0    -0.0015    0.0    10594.9909    1513.5701
0.0006    -0.0035    0.001    10597.9113    1513.9873
-0.0002    0.0005    -0.001    10652.9359    1521.848
0.001    -0.0025    -0.0005    10690.3638    1527.1948
-0.0008    -0.004    0.001    10745.8632    1535.1233
0.001    0.003    -0.002    10757.392    1536.7703
0.0002    -0.0025    0.0005    10783.2794    1540.4685
-0.0004    -0.004    0.0    10803.8001    1543.4
-0.0002    0.0015    -0.0015    10837.582    1548.226
-0.001    -0.002    -0.001    10838.3021    1548.3289
0.0004    -0.0005    -0.0015    10856.9953    1550.9993
0.0008    -0.0015    -0.001    10873.5788    1553.3684
-0.0006    -0.003    -0.0005    10890.0973    1555.7282
-0.0002    -0.0005    -0.0005    10938.8965    1562.6995
-0.0002    0.0005    -0.002    11032.3222    1576.046
0.001    0.0    -0.0005    11146.7969    1592.3996
-0.0002    0.0025    -0.002    11492.8348    1641.8335
0.0004    -0.0035    0.001    11503.7622    1643.3946
-0.0008    -0.002    -0.001    11508.5887    1644.0841
-0.0    0.0005    -0.002    11567.2279    1652.4611
0.0008    0.002    -0.0015    11583.4585    1654.7798
0.0006    -0.0005    -0.0015    11588.9879    1655.5697
-0.0002    -0.004    0.0    11668.7088    1666.9584
-0.0004    -0.003    -0.0005    11690.9536    1670.1362
-0.0002    -0.0015    0.0    11695.4638    1670.7805
-0.001    -0.004    0.001    11710.9552    1672.9936
0.0008    0.001    -0.001    11715.725    1673.675
0.001    -0.0015    -0.001    11736.1412    1676.5916
-0.0004    0.0005    -0.001    11814.9963    1687.8566
-0.0    -0.0025    0.0005    11819.7    1688.5286
0.0008    0.003    -0.002    11921.7987    1703.1141
-0.0004    0.0015    -0.0015    11997.1775    1713.8825
-0.0004    -0.0005    -0.0005    12103.4218    1729.0603
0.0002    0.0005    -0.002    12168.651    1738.3787
0.001    -0.001    0.0    12217.8119    1745.4017
-0.0006    -0.002    -0.001    12245.3926    1749.3418
0.0008    0.0    -0.0005    12318.5982    1759.7997
0.0008    -0.0005    -0.0015    12387.4979    1769.6426
0.0002    -0.0035    0.001    12476.1304    1782.3043
-0.0002    -0.003    -0.0005    12558.3271    1794.0467
-0.0    -0.004    0.0    12600.1347    1800.0192
-0.0004    0.0025    -0.002    12649.9654    1807.1379
-0.001    -0.001    -0.0015    12659.2743    1808.4678
0.0006    0.002    -0.0015    12816.8473    1830.9782
0.0004    0.0005    -0.002    12836.5913    1833.7988
-0.0004    -0.0015    0.0    12862.454    1837.4934
-0.0002    -0.0025    0.0005    12922.6378    1846.0911
0.0006    0.001    -0.001    12951.5788    1850.2255
-0.0006    0.0005    -0.001    13043.5739    1863.3677
-0.0004    -0.002    -0.001    13048.7137    1864.102
0.0006    0.003    -0.002    13152.7226    1878.9604
-0.0006    0.0015    -0.0015    13223.2902    1889.0415
0.001    -0.0005    -0.0015    13252.5252    1893.2179
-0.0008    -0.001    -0.0015    13332.0258    1904.5751
-0.0006    -0.0005    -0.0005    13334.4643    1904.9235
0.0008    -0.001    0.0    13392.0782    1913.154
-0.0    -0.003    -0.0005    13492.2179    1927.4597
-0.0    -0.0035    0.001    13515.0158    1930.7165
0.0006    0.0    -0.0005    13556.9169    1936.7024
0.0006    0.0005    -0.002    13571.0489    1938.7213
0.0002    -0.004    0.0    13598.0779    1942.5826
0.001    -0.002    0.0005    13759.4337    1965.6334
-0.0006    0.0025    -0.002    13873.6133    1981.9448
-0.0002    -0.002    -0.001    13918.5522    1988.3646
-0.0006    -0.001    -0.0015    14071.2946    2010.1849
-0.0004    -0.0025    0.0005    14092.0929    2013.1561
-0.0006    -0.0015    0.0    14095.9615    2013.7088
0.0004    0.002    -0.0015    14116.7535    2016.6791
0.0004    0.001    -0.001    14253.9498    2036.2785
-0.0008    0.0005    -0.001    14338.6689    2048.3813
0.0008    0.0005    -0.002    14372.0238    2053.1463
0.0004    0.003    -0.002    14450.1639    2064.3091
0.0002    -0.003    -0.0005    14492.626    2070.3751
-0.0008    0.0015    -0.0015    14515.9203    2073.7029
-0.0002    -0.0035    0.001    14620.4185    2088.6312
-0.0008    -0.0005    -0.0005    14632.0242    2090.2892
0.0006    -0.001    0.0    14632.8617    2090.4088
0.0004    -0.004    0.0    14662.5384    2094.6483
-0.0    -0.002    -0.001    14854.9079    2122.1297
0.0004    0.0    -0.0005    14861.7528    2123.1075
-0.0004    -0.001    -0.0015    14877.0806    2125.2972
0.0008    -0.002    0.0005    14936.1648    2133.7378
-0.001    0.0    -0.002    14950.8532    2135.8362
-0.0008    0.0025    -0.002    15163.7784    2166.2541
0.001    0.0005    -0.002    15239.5159    2177.0737
-0.0006    -0.0025    0.0005    15328.0653    2189.7236
-0.0008    -0.0015    0.0    15395.9862    2199.4266
0.0002    0.002    -0.0015    15483.1769    2211.8824
0.0004    -0.003    -0.0005    15559.5514    2222.7931
0.0002    0.001    -0.001    15622.8381    2231.834
-0.0008    0.0    -0.002    15626.0696    2232.2957
-0.001    0.0005    -0.001    15700.2812    2242.8973
-0.0002    -0.001    -0.0015    15749.3839    2249.912
0.001    -0.003    0.001    15771.6621    2253.0946
-0.0004    -0.0035    0.001    15792.3385    2256.0484
0.0006    -0.004    0.0    15793.5161    2256.2166
0.0002    0.003    -0.002    15814.1224    2259.1603
0.0002    -0.002    -0.001    15857.7809    2265.3973
-0.001    0.0015    -0.0015    15875.0677    2267.8668
0.0004    -0.001    0.0    15940.1626    2277.1661
-0.001    -0.0005    -0.0005    15996.1014    2285.1573
0.0006    -0.002    0.0005    16179.4133    2311.3448
0.0002    0.0    -0.0005    16233.1061    2319.0152
-0.0006    0.0    -0.002    16367.8032    2338.2576
-0.001    0.0025    -0.002    16520.4609    2360.0658
-0.0008    -0.0025    0.0005    16630.555    2375.7936
-0.0    -0.001    -0.0015    16688.2046    2384.0292
0.0006    -0.003    -0.0005    16692.9941    2384.7134
-0.001    -0.0035    -0.0005    16746.6578    2392.3797
-0.001    -0.0015    0.0    16762.5283    2394.6469
-0.0    0.002    -0.0015    16916.1176    2416.5882
0.0004    -0.002    -0.001    16927.1712    2418.1673
0.0008    -0.003    0.001    16950.8582    2421.5512
0.0008    -0.004    0.0    16991.0112    2427.2873
-0.0006    -0.0035    0.001    17030.7758    2432.968
-0.0    0.001    -0.001    17058.2437    2436.892
-0.0004    0.0    -0.002    17176.0542    2453.722
-0.0    0.003    -0.002    17244.5982    2463.514
0.0002    -0.001    0.0    17313.9807    2473.4258
0.0004    -0.002    0.0005    17489.179    2498.4541
-0.0    0.0    -0.0005    17670.9766    2524.4252
0.0002    -0.001    -0.0015    17693.5425    2527.6489
-0.0008    -0.0035    -0.0005    17820.8592    2545.837
0.0008    -0.003    -0.0005    17892.954    2556.1363
-0.001    -0.0025    0.0005    17999.5619    2571.366
-0.0002    0.0    -0.002    18050.8224    2578.6889
0.0006    -0.002    -0.001    18063.0787    2580.4398
0.0006    -0.003    0.001    18196.5716    2599.5102
0.001    -0.004    0.0015    18254.4973    2607.7853
0.001    -0.004    0.0    18255.0235    2607.8605
-0.0008    -0.0035    0.001    18335.7304    2619.3901
0.001    0.0025    -0.0015    18409.7533    2629.9648
-0.0002    0.002    -0.0015    18415.5756    2630.7965
0.001    0.0035    -0.002    18421.3212    2631.6173
-0.001    -0.0025    -0.001    18426.2604    2632.3229
-0.0002    0.001    -0.001    18560.1666    2651.4524
-0.0002    0.003    -0.002    18741.5913    2677.3702
-0.0    -0.001    0.0    18754.3161    2679.188
0.0004    -0.001    -0.0015    18765.3976    2680.7711
0.0002    -0.002    0.0005    18865.4621    2695.066
0.001    0.0015    -0.001    18868.792    2695.5417
-0.0006    -0.0035    -0.0005    18961.578    2708.7969
-0.0    0.0    -0.002    18992.1079    2713.1583
0.001    -0.003    -0.0005    19159.4312    2737.0616
-0.0002    0.0    -0.0005    19175.3644    2739.3378
0.0008    -0.002    -0.001    19265.5036    2752.2148
0.0008    -0.004    0.0015    19436.1583    2776.594
-0.0008    -0.0025    -0.001    19502.9267    2786.1324
0.0004    -0.003    0.001    19508.8022    2786.9717
-0.001    -0.0035    0.001    19707.2023    2815.3146
0.001    0.0005    -0.0005    19798.4375    2828.3482
0.0006    -0.001    -0.0015    19903.7701    2843.3957
-0.0004    0.002    -0.0015    19981.5509    2854.5073
0.0008    0.0025    -0.0015    19983.0046    2854.7149
0.0008    0.0035    -0.002    19992.1077    2856.0154
0.0002    0.0    -0.002    19999.9107    2857.1301
-0.0004    0.001    -0.001    20128.6068    2875.5153
-0.0004    -0.0035    -0.0005    20168.814    2881.2591
-0.0002    -0.001    0.0    20261.1688    2894.4527
-0.0004    0.003    -0.002    20305.1016    2900.7288
-0.0    -0.002    0.0005    20308.2624    2901.1803
0.0008    0.0015    -0.001    20444.5083    2920.644
0.001    -0.002    -0.001    20534.4457    2933.4922
-0.001    -0.0015    -0.0015    20576.4697    2939.4957
-0.0006    -0.0025    -0.001    20646.1103    2949.4443
0.0006    -0.004    0.0015    20684.3365    2954.9052
-0.0004    0.0    -0.0005    20746.2694    2963.7528
0.0002    -0.003    0.001    20887.5501    2983.9357
0.0004    0.0    -0.002    21074.2308    3010.6044
0.0008    -0.001    -0.0015    21108.6598    3015.5228
0.001    -0.0005    0.0    21198.6897    3028.3842
0.0008    0.0005    -0.0005    21376.6186    3053.8027
-0.0002    -0.0035    -0.0005    21442.5673    3063.2239
-0.0006    0.002    -0.0015    21614.0434    3087.7205
0.0006    0.0025    -0.0015    21622.7732    3088.9676
0.0006    0.0035    -0.002    21629.4114    3089.9159
-0.0008    -0.0015    -0.0015    21655.6009    3093.6573
-0.0006    0.001    -0.001    21763.5642    3109.0806
-0.0002    -0.002    0.0005    21817.58    3116.7971
-0.0004    -0.001    0.0    21834.5388    3119.2198
-0.0004    -0.0025    -0.001    21855.8113    3122.2588
-0.0006    0.003    -0.002    21935.1293    3133.5899
0.0004    -0.004    0.0015    21999.0321    3142.7189
0.0006    0.0015    -0.001    22086.7418    3155.2488
0.0006    0.0    -0.002    22215.0682    3173.5812
-0.0    -0.003    0.001    22332.8153    3190.4022
0.001    -0.001    -0.0015    22380.0669    3197.1524
-0.0006    0.0    -0.0005    22383.6918    3197.6703
0.0008    -0.0005    0.0    22779.3357    3254.1908
-0.0    -0.0035    -0.0005    22782.8379    3254.6911
-0.0006    -0.0015    -0.0015    22801.2494    3257.3213
0.0006    0.0005    -0.0005    23021.3171    3288.7596
0.001    -0.0015    0.0005    23069.5486    3295.6498
-0.0002    -0.0025    -0.001    23132.0295    3304.5756
-0.001    -0.0005    -0.002    23197.2857    3313.898
-0.0008    0.002    -0.0015    23313.0532    3330.4362
0.0004    0.0025    -0.0015    23329.0592    3332.7227
0.0004    0.0035    -0.002    23333.2324    3333.3189
0.0002    -0.004    0.0015    23380.2449    3340.035
-0.0004    -0.002    0.0005    23393.4148    3341.9164
0.0008    0.0    -0.002    23422.4228    3346.0604
-0.0008    0.001    -0.001    23465.039    3352.1484
-0.0006    -0.001    0.0    23474.426    3353.4894
-0.0008    0.003    -0.002    23631.6742    3375.9535
0.0004    0.0015    -0.001    23795.4926    3399.3561
-0.0002    -0.003    0.001    23844.5978    3406.3711
-0.0004    -0.0015    -0.0015    24013.4153    3430.4879
-0.0008    0.0    -0.0005    24087.6314    3441.0902
0.0002    -0.0035    -0.0005    24189.6257    3455.6608
-0.0008    -0.0005    -0.002    24278.8818    3468.4117
0.0006    -0.0005    0.0    24426.499    3489.4999
-0.0    -0.0025    -0.001    24474.7649    3496.395
0.0008    -0.0015    0.0005    24652.6595    3521.8085
0.001    0.0    -0.002    24696.2947    3528.0421
0.0004    0.0005    -0.0005    24732.5328    3533.219
-0.0    -0.004    0.0015    24827.975    3546.8536
-0.0006    -0.002    0.0005    25035.767    3576.5381
-0.001    0.002    -0.0015    25078.5804    3582.6543
0.0002    0.0025    -0.0015    25101.8623    3585.9803
0.0002    0.0035    -0.002    25103.5707    3586.2244
-0.0008    -0.001    0.0    25180.8306    3597.2615
-0.001    0.001    -0.001    25233.031    3604.7187
-0.0002    -0.0015    -0.0015    25292.0984    3613.1569
-0.001    0.003    -0.002    25394.7364    3627.8195
0.001    -0.0025    0.001    25411.0141    3630.1449
-0.0004    -0.003    0.001    25422.8976    3631.8425
-0.0006    -0.0005    -0.002    25426.9952    3632.4279
0.0002    0.0015    -0.001    25570.7607    3652.9658
0.0004    -0.0035    -0.0005    25662.9309    3666.133
-0.001    0.0    -0.0005    25858.0883    3694.0126
0.0002    -0.0025    -0.001    25884.0177    3697.7168
0.0004    -0.0005    0.0    26140.1796    3734.3114
0.0006    -0.0015    0.0005    26302.2877    3757.4697
-0.0002    -0.004    0.0015    26342.2224    3763.1746
0.0002    0.0005    -0.0005    26510.2658    3787.1808
-0.0    -0.0015    -0.0015    26637.2987    3805.3284
-0.0004    -0.0005    -0.002    26641.626    3805.9466
-0.0008    -0.002    0.0005    26744.6364    3820.6623
-0.001    -0.004    -0.0005    26858.8302    3836.9757
-0.0    0.0035    -0.002    26940.4263    3848.6323
-0.0    0.0025    -0.0015    26941.1828    3848.7404
-0.001    -0.001    0.0    26953.7524    3850.5361
0.0008    -0.0025    0.001    26996.59    3856.6557
-0.0006    -0.003    0.001    27067.7146    3866.8164
0.0006    -0.0035    -0.0005    27202.7533    3886.1076
0.0004    -0.0025    -0.001    27359.7878    3908.5411
-0.0    0.0015    -0.001    27412.5461    3916.078
0.0002    -0.0005    0.0    27920.3775    3988.6254
-0.0002    -0.0005    -0.002    27922.774    3988.9677
-0.0004    -0.004    0.0015    27922.9871    3988.9982
0.0004    -0.0015    0.0005    28018.4332    4002.6333
0.0002    -0.0015    -0.0015    28049.0164    4007.0023
0.001    -0.0035    0.0015    28223.0864    4031.8695
-0.0008    -0.004    -0.0005    28339.4114    4048.4873
-0.0    0.0005    -0.0005    28354.516    4050.6451
-0.001    -0.002    0.0005    28520.0231    4074.289
0.0006    -0.0025    0.001    28648.6831    4092.669
-0.0008    -0.003    0.001    28779.049    4111.2927
0.0008    -0.0035    -0.0005    28809.093    4115.5847
-0.0002    0.0035    -0.002    28843.7991    4120.5427
-0.0002    0.0025    -0.0015    28847.0206    4121.0029
-0.001    -0.003    -0.001    28867.6699    4123.9528
0.0006    -0.0025    -0.001    28902.0751    4128.8679
0.001    0.004    -0.002    28938.7018    4134.1003
0.001    0.003    -0.0015    29256.371    4179.4816
-0.0    -0.0005    -0.002    29270.4392    4181.4913
-0.0002    0.0015    -0.001    29320.8487    4188.6927
0.0004    -0.0015    -0.0015    29527.2514    4218.1788
-0.0006    -0.004    0.0015    29570.269    4224.3241
-0.0    -0.0005    0.0    29767.0927    4252.4418
0.0002    -0.0015    0.0005    29801.096    4257.2994
0.0008    -0.0035    0.0015    29811.1272    4258.7325
-0.0006    -0.004    -0.0005    29886.5099    4269.5014
0.001    0.002    -0.001    30044.6469    4292.0924
-0.0002    0.0005    -0.0005    30265.2836    4323.6119
-0.0008    -0.003    -0.001    30350.716    4335.8166
0.0004    -0.0025    0.001    30367.2935    4338.1848
0.001    -0.0035    -0.0005    30481.95    4354.5643
0.0008    -0.0025    -0.001    30510.8797    4358.6971
-0.001    -0.003    0.001    30556.9006    4365.2715
0.0002    -0.0005    -0.002    30684.6218    4383.5174
-0.0004    0.0035    -0.002    30813.6892    4401.9556
-0.0004    0.0025    -0.0015    30819.3756    4402.7679
0.0008    0.004    -0.002    30915.868    4416.5526
0.0006    -0.0015    -0.0015    31072.0036    4438.8577
0.0008    0.003    -0.0015    31236.0021    4462.286
-0.0008    -0.004    0.0015    31284.0683    4469.1526
-0.0004    0.0015    -0.001    31295.6687    4470.8098
0.001    0.001    -0.0005    31303.5295    4471.9328
-0.001    -0.002    -0.0015    31347.1164    4478.1595
0.0006    -0.0035    0.0015    31465.6852    4495.0979
-0.0004    -0.004    -0.0005    31500.1257    4500.018
-0.0    -0.0015    0.0005    31650.2761    4521.468
-0.0002    -0.0005    0.0    31680.3252    4525.7607
-0.0006    -0.003    -0.001    31900.2794    4557.1828
0.0008    0.002    -0.001    32026.7429    4575.249
0.0002    -0.0025    0.001    32152.4212    4593.203
0.0004    -0.0005    -0.002    32165.3217    4595.046
0.001    -0.0025    -0.001    32186.2016    4598.0288
-0.0004    0.0005    -0.0005    32242.5684    4606.0812
0.0008    -0.0015    -0.0015    32683.2731    4669.039
-0.0008    -0.002    -0.0015    32832.6274    4690.3753
-0.0006    0.0035    -0.002    32850.0967    4692.871
-0.0006    0.0025    -0.0015    32858.2479    4694.0354
0.0006    0.004    -0.002    32959.5515    4708.5074
0.001    0.0    0.0    33033.0188    4719.0027
-0.001    -0.004    0.0015    33064.3848    4723.4835
-0.0002    -0.004    -0.0005    33180.2588    4740.037
0.0004    -0.0035    0.0015    33186.7605    4740.9658
0.0006    0.003    -0.0015    33282.1505    4754.5929
0.0008    0.001    -0.0005    33288.0904    4755.4415
-0.0006    0.0015    -0.001    33337.0059    4762.4294
-0.0004    -0.003    -0.001    33516.3601    4788.0514
-0.0002    -0.0015    0.0005    33565.9735    4795.1391
-0.0004    -0.0005    0.0    33660.0749    4808.5821
0.0006    -0.0005    -0.002    33712.5388    4816.077
-0.0    -0.0025    0.001    34004.0662    4857.7237
0.0006    0.002    -0.001    34075.3562    4867.908
-0.0006    0.0005    -0.0005    34286.3705    4898.0529
-0.001    -0.001    -0.002    34297.1695    4899.5956
0.001    -0.0015    -0.0015    34361.0599    4908.7228
-0.0006    -0.002    -0.0015    34384.6557    4912.0937
-0.0    -0.004    -0.0005    34926.9091    4989.5584
-0.0008    0.0035    -0.002    34953.0214    4993.2888
-0.0008    0.0025    -0.0015    34963.6375    4994.8054
0.0002    -0.0035    0.0015    34974.3531    4996.3362
0.0008    0.0    0.0    35020.0446    5002.8635
0.0004    0.004    -0.002    35069.7523    5009.9646
-0.0002    -0.003    -0.001    35198.9581    5028.4226
0.001    -0.001    0.0005    35233.1148    5033.3021
0.0008    -0.0005    -0.002    35326.2732    5046.6105
0.0006    0.001    -0.0005    35339.1686    5048.4527
0.0004    0.003    -0.0015    35394.8162    5056.4023
-0.0008    0.0015    -0.001    35444.8604    5063.5515
-0.0004    -0.0015    0.0005    35548.1881    5078.3126
-0.0006    -0.0005    0.0    35706.3419    5100.906
-0.0008    -0.001    -0.002    35785.1454    5112.1636
-0.0002    -0.0025    0.001    35922.2285    5131.7469
-0.0004    -0.002    -0.0015    36003.2013    5143.3145
0.0004    0.002    -0.001    36190.4868    5170.0695
-0.0008    0.0005    -0.0005    36396.6899    5199.5271
0.0002    -0.004    -0.0005    36740.0768    5248.5824
-0.0    -0.0035    0.0015    36828.463    5261.209
-0.0    -0.003    -0.001    36948.0733    5278.2962
0.001    -0.0005    -0.002    37006.5249    5286.6464
0.0006    0.0    0.0    37073.5877    5296.2268
-0.001    0.0035    -0.002    37122.4633    5303.209
-0.001    0.0025    -0.0015    37135.5444    5305.0778
0.0008    -0.001    0.0005    37222.6055    5317.5151
0.0002    0.004    -0.002    37246.4703    5320.9243
-0.0006    -0.001    -0.002    37339.6386    5334.2341
0.0004    0.001    -0.0005    37456.7641    5350.9663
0.0002    0.003    -0.0015    37573.9991    5367.7142
-0.0006    -0.0015    0.0005    37596.92    5370.9886
-0.001    0.0015    -0.001    37619.2322    5374.176
-0.0002    -0.002    -0.0015    37688.2641    5384.0377
-0.0008    -0.0005    0.0    37819.1262    5402.7323
0.001    -0.002    0.001    37903.8175    5414.8311
-0.0004    -0.0025    0.001    37906.908    5415.2726
0.0002    0.002    -0.001    38372.1346    5481.7335
-0.001    0.0005    -0.0005    38573.5266    5510.5038
0.0004    -0.004    -0.0005    38619.7617    5517.1088
-0.0002    -0.0035    0.0015    38749.0902    5535.5843
0.0002    -0.003    -0.001    38763.7059    5537.6723
-0.0004    -0.001    -0.002    38960.6491    5565.807
0.0004    0.0    0.0    39193.6481    5599.0926
0.0006    -0.001    0.0005    39278.6135    5611.2305
-0.0    -0.002    -0.0015    39439.8443    5634.2635
-0.0    0.004    -0.002    39489.7057    5641.3865
0.0002    0.001    -0.0005    39640.8768    5662.9824
-0.0008    -0.0015    0.0005    39712.1692    5673.167
-0.0    0.003    -0.0015    39819.6994    5688.5285
0.0008    -0.002    0.001    39895.7731    5699.3962
-0.0006    -0.0025    0.001    39958.1048    5708.3007
-0.001    -0.0005    0.0    39998.4278    5714.0611
0.0006    -0.004    -0.0005    40565.9639    5795.1377
-0.0    0.002    -0.001    40620.2997    5802.9
0.0004    -0.003    -0.001    40645.8557    5806.5508
-0.0002    -0.001    -0.002    40648.1769    5806.8824
-0.0004    -0.0035    0.0015    40736.2346    5819.4621
0.001    -0.003    0.0015    41045.1269    5863.5896
0.0002    -0.002    -0.0015    41257.9417    5893.9917
0.0002    0.0    0.0    41380.2257    5911.4608
0.0004    -0.001    0.0005    41401.1388    5914.4484
-0.0002    0.004    -0.002    41799.4583    5971.3512
-0.0    0.001    -0.0005    41891.5068    5984.501
-0.001    -0.0015    0.0005    41893.9357    5984.848
0.0006    -0.002    0.001    41954.246    5993.4637
-0.0008    -0.0025    0.001    42075.8189    6010.8313
-0.0002    0.003    -0.0015    42131.9169    6018.8453
-0.001    -0.0035    -0.001    42162.5308    6023.2187
-0.0    -0.001    -0.002    42402.2219    6057.4603
0.0008    -0.004    -0.0005    42578.6833    6082.669
0.0006    -0.003    -0.001    42594.5228    6084.9318
-0.0006    -0.0035    0.0015    42789.8963    6112.8423
-0.0002    0.002    -0.001    42934.9822    6133.5689
0.001    0.0035    -0.0015    42956.4401    6136.6343
0.0008    -0.003    0.0015    43039.5475    6148.5068
0.0004    -0.002    -0.0015    43142.5564    6163.2223
0.0002    -0.001    0.0005    43590.1813    6227.1688
-0.0    0.0    0.0    43633.3207    6233.3315
-0.0008    -0.0035    -0.001    44051.9567    6293.1367
0.001    0.0025    -0.001    44073.9531    6296.279
0.0004    -0.002    0.001    44079.2362    6297.0337
-0.0004    0.004    -0.002    44175.7282    6310.8183
-0.0002    0.001    -0.0005    44208.6542    6315.522
0.0002    -0.001    -0.002    44222.7842    6317.5406
-0.001    -0.0025    0.001    44260.0503    6322.8643
-0.0004    0.003    -0.0015    44510.6517    6358.6645
0.0008    -0.003    -0.001    44609.7072    6372.8153
0.001    -0.004    0.002    44657.0431    6379.5776
0.001    -0.004    -0.0005    44657.9201    6379.7029
-0.0008    -0.0035    0.0015    44910.0753    6415.725
-0.001    -0.0025    -0.0015    44971.2144    6424.4592
0.0006    -0.002    -0.0015    45093.6884    6441.9555
0.0006    -0.003    0.0015    45100.4853    6442.9265
-0.0004    0.002    -0.001    45316.1819    6473.7403
0.0008    0.0035    -0.0015    45342.4509    6477.493
0.001    0.0015    -0.0005    45662.0728    6523.1533
-0.0    -0.001    0.0005    45845.7412    6549.3916
-0.0002    0.0    0.0    45952.9329    6564.7047
-0.0006    -0.0035    -0.001    46007.8999    6572.5571
0.0004    -0.001    -0.002    46109.8639    6587.1234
0.0002    -0.002    0.001    46270.7437    6610.1062
0.0008    0.0025    -0.001    46462.4288    6637.4898
-0.0004    0.001    -0.0005    46592.3188    6656.0455
-0.0006    0.004    -0.002    46618.5154    6659.7879
0.0008    -0.004    0.002    46653.9285    6664.8469
0.001    -0.003    -0.001    46691.4088    6670.2013
-0.0008    -0.0025    -0.0015    46863.1052    6694.7293
-0.0006    0.003    -0.0015    46955.9038    6707.9863
-0.001    -0.0035    0.0015    47096.7716    6728.1102
0.0008    -0.002    -0.0015    47111.3377    6730.1911
0.0004    -0.003    0.0015    47227.9403    6746.8486
0.001    0.0005    0.0    47720.7992    6817.257
-0.0006    0.002    -0.001    47763.8989    6823.4141
0.0006    0.0035    -0.0015    47794.9791    6827.8542
-0.0004    -0.0035    -0.001    48030.3603    6861.48
0.0008    0.0015    -0.0005    48053.0135    6864.7162
0.0006    -0.001    -0.002    48063.4608    6866.2087
-0.0002    -0.001    0.0005    48167.8183    6881.1169
-0.001    -0.0015    -0.002    48250.5047    6892.9292
-0.0004    0.0    0.0    48339.0624    6905.5803
-0.0    -0.002    0.001    48528.7684    6932.6812
0.0006    -0.004    0.002    48717.3312    6959.6187
-0.0006    -0.0025    -0.0015    48821.5132    6974.5019
0.0006    0.0025    -0.001    48917.4219    6988.2031
-0.0006    0.001    -0.0005    49042.5007    7006.0715
-0.0008    0.004    -0.002    49127.8198    7018.26
0.001    -0.002    -0.0015    49195.5043    7027.9292
0.0002    -0.003    0.0015    49421.9127    7060.2732
-0.0008    0.003    -0.0015    49467.6731    7066.8104
0.0008    -0.001    -0.002    50083.5749    7154.7964
0.0008    0.0005    0.0    50114.2048    7159.1721
-0.0002    -0.0035    -0.001    50119.3381    7159.9054
-0.0008    -0.0015    -0.002    50144.8603    7163.5515
0.001    -0.0005    0.0005    50250.1324    7178.5903
-0.0008    0.002    -0.001    50278.1331    7182.5904
0.0004    0.0035    -0.0015    50314.0245    7187.7178
0.0006    0.0015    -0.0005    50510.4714    7215.7816
-0.0004    -0.001    0.0005    50556.4127    7222.3447
-0.0006    0.0    0.0    50791.7092    7255.9585
-0.0004    -0.0025    -0.0015    50846.4386    7263.7769
0.0004    -0.004    0.002    50847.2512    7263.893
-0.0002    -0.002    0.001    50853.3104    7264.7586
0.0004    0.0025    -0.001    51438.9322    7348.4189
-0.0008    0.001    -0.0005    51559.1998    7365.6
-0.0    -0.003    0.0015    51682.4023    7383.2003
-0.001    0.004    -0.002    51703.6416    7386.2345
-0.001    0.003    -0.0015    52045.9598    7435.1371
-0.0006    -0.0015    -0.002    52105.7333    7443.6762
0.001    -0.001    -0.002    52170.2064    7452.8866
-0.0    -0.0035    -0.001    52274.8331    7467.8333
0.0006    0.0005    0.0    52574.1277    7510.5897
0.0008    -0.0005    0.0005    52646.0029    7520.8576
-0.001    0.002    -0.001    52858.8847    7551.2692
0.0002    0.0035    -0.0015    52899.5872    7557.0839
-0.0002    -0.0025    -0.0015    52937.8812    7562.5545
-0.0006    -0.001    0.0005    53011.5244    7573.0749
0.0004    0.0015    -0.0005    53034.4467    7576.3495
0.0002    -0.004    0.002    53043.6884    7577.6698
-0.0004    -0.002    0.001    53244.3697    7606.3385
0.001    -0.0015    0.001    53250.0722    7607.1532
-0.0008    0.0    0.0    53310.8732    7615.839
-0.0002    -0.003    0.0015    54009.4093    7715.6299
0.0002    0.0025    -0.001    54026.9599    7718.1371
-0.0004    -0.0015    -0.002    54133.1236    7733.3034
-0.001    0.001    -0.0005    54142.4163    7734.6309
0.0002    -0.0035    -0.001    54496.8454    7785.2636
-0.0    -0.0025    -0.0015    55095.8411    7870.8344
0.0004    0.0005    0.0    55100.5678    7871.5097
0.0006    -0.0005    0.0005    55108.3906    7872.6272
-0.0    -0.004    0.002    55306.643    7900.949
-0.0008    -0.001    0.0005    55533.1534    7933.3076
-0.0    0.0035    -0.0015    55551.6672    7935.9525
0.0002    0.0015    -0.0005    55624.9392    7946.4199
0.0008    -0.0015    0.001    55648.4076    7949.7725
-0.0006    -0.002    0.001    55701.9463    7957.4209
-0.001    0.0    0.0    55896.5546    7985.2221
-0.0002    -0.0015    -0.002    56227.0311    8032.433
-0.0004    -0.003    0.0015    56402.9335    8057.5619
-0.0    0.0025    -0.001    56681.5048    8097.3578
0.001    -0.0025    0.0015    56720.6188    8102.9455
0.0004    -0.0035    -0.001    56785.375    8112.1964
0.0002    -0.0025    -0.0015    57320.3183    8188.6169
-0.0002    -0.004    0.002    57636.1148    8233.7307
0.0004    -0.0005    0.0005    57637.2957    8233.8994
0.0002    0.0005    0.0    57693.5252    8241.9322
0.0006    -0.0015    0.001    58113.2603    8301.8943
-0.001    -0.001    0.0005    58121.2996    8303.0428
-0.0008    -0.002    0.001    58226.0402    8318.0057
-0.0002    0.0035    -0.0015    58270.2645    8324.3235
-0.0    0.0015    -0.0005    58281.949    8325.9927
-0.001    -0.004    -0.001    58310.8431    8330.1204
-0.0    -0.0015    -0.002    58387.4559    8341.0651
-0.0006    -0.003    0.0015    58862.975    8408.9964
0.0008    -0.0025    0.0015    59121.4191    8445.917
0.0006    -0.0035    -0.001    59140.4218    8448.6317
-0.0002    0.0025    -0.001    59402.567    8486.081
0.001    0.004    -0.0015    59509.9605    8501.4229
0.0004    -0.0025    -0.0015    59611.3128    8515.9018
-0.0004    -0.004    0.002    60032.1039    8576.0148
0.0002    -0.0005    0.0005    60232.718    8604.674
-0.0    0.0005    0.0    60352.9999    8621.8571
-0.0008    -0.004    -0.001    60606.6487    8658.0927
0.0002    -0.0015    -0.002    60614.398    8659.1997
0.0004    -0.0015    0.001    60644.6302    8663.5186
0.001    -0.0035    0.002    60661.7721    8665.9674
-0.001    -0.002    0.001    60816.6513    8688.093
0.001    0.003    -0.001    60956.7106    8708.1015
-0.0002    0.0015    -0.0005    61005.4761    8715.068
-0.0004    0.0035    -0.0015    61055.3791    8722.197
-0.0008    -0.003    0.0015    61389.5337    8769.9334
-0.001    -0.003    -0.0015    61448.7638    8778.3948
0.0008    -0.0035    -0.001    61561.986    8794.5694
0.0006    -0.0025    0.0015    61588.7366    8798.3909
0.0006    -0.0025    -0.0015    61968.8246    8852.6892
-0.0004    0.0025    -0.001    62190.1464    8884.3066
0.0008    0.004    -0.0015    62302.3511    8900.3359
-0.0006    -0.004    0.002    62494.6103    8927.8015
0.001    0.002    -0.0005    62874.0675    8982.0096
-0.0    -0.0005    0.0005    62894.6576    8984.9511
0.0004    -0.0015    -0.002    62907.8574    8986.8368
-0.0006    -0.004    -0.001    62968.9717    8995.5674
0.0008    -0.0035    0.002    63065.0372    9009.291
-0.0002    0.0005    0.0    63078.9919    9011.2846
0.0002    -0.0015    0.001    63242.5174    9034.6453
-0.0008    -0.003    -0.0015    63747.0343    9106.7192
0.0008    0.003    -0.001    63751.5661    9107.3666
-0.0004    0.0015    -0.0005    63795.5205    9113.6458
-0.0006    0.0035    -0.0015    63907.0109    9129.573
-0.001    -0.003    0.0015    63982.6098    9140.3728
0.001    -0.0035    -0.001    64050.0674    9150.0096
0.0004    -0.0025    0.0015    64122.5715    9160.3674
0.0008    -0.0025    -0.0015    64392.8536    9198.9791
-0.0008    -0.004    0.002    65023.634    9289.0906
-0.0006    0.0025    -0.001    65044.2432    9292.0347
-0.001    -0.002    -0.002    65057.2912    9293.8987
0.0006    0.004    -0.0015    65161.259    9308.7513
0.001    0.001    0.0    65262.031    9323.1473
0.0006    -0.0015    -0.002    65267.8341    9323.9763
-0.0004    -0.004    -0.001    65397.8119    9342.5446
0.0006    -0.0035    0.002    65534.8197    9362.1171
-0.0002    -0.0005    0.0005    65623.1145    9374.7306
0.0008    0.002    -0.0005    65671.3879    9381.6268
-0.0004    0.0005    0.0    65871.5012    9410.2145
-0.0    -0.0015    0.001    65906.9219    9415.2746
-0.0006    -0.003    -0.0015    66111.8222    9444.546
0.0006    0.003    -0.001    66612.939    9516.1341
-0.0006    0.0015    -0.0005    66652.0821    9521.726
0.0002    -0.0025    0.0015    66722.9236    9531.8462
-0.0008    0.0035    -0.0015    66825.1601    9546.4514
0.001    -0.0025    -0.0015    66883.4    9554.7714
-0.0008    -0.002    -0.002    67358.0266    9622.5752
-0.001    -0.004    0.002    67619.1749    9659.8821
0.0008    -0.0015    -0.002    67694.328    9670.6183
-0.0002    -0.004    -0.001    67893.1694    9699.0242
-0.0008    0.0025    -0.001    67964.8572    9709.2653
0.0008    0.001    0.0    68061.8164    9723.1166
0.0004    -0.0035    0.002    68071.1195    9724.4456
0.0004    0.004    -0.0015    68086.6842    9726.6692
0.001    0.0    0.0005    68120.6013    9731.5145
-0.0004    -0.0005    0.0005    68418.0887    9774.0127
0.0006    0.002    -0.0005    68535.2256    9790.7465
-0.0004    -0.003    -0.0015    68543.1273    9791.8753
-0.0002    -0.0015    0.001    68637.8437    9805.4062
-0.0006    0.0005    0.0    68730.5278    9818.6468
-0.0    -0.0025    0.0015    69389.793    9912.8276
0.0004    0.003    -0.001    69540.8291    9934.4042
-0.0008    0.0015    -0.0005    69575.161    9939.3087
-0.0006    -0.002    -0.002    69725.2794    9960.7542
-0.001    0.0035    -0.0015    69809.8265    9972.8324
0.001    -0.0015    -0.002    70187.3392    10026.7627
-0.0    -0.004    -0.001    70455.0442    10065.0063
0.0002    -0.0035    0.002    70673.9365    10096.2766
0.0008    0.0    0.0005    70922.8515    10131.8359
0.0006    0.001    0.0    70928.119    10132.5884
-0.001    0.0025    -0.001    70951.9885    10135.9984
-0.0002    -0.003    -0.0015    71040.9497    10148.7071
0.0002    0.004    -0.0015    71078.6267    10154.0895
-0.0006    -0.0005    0.0005    71279.5801    10182.7972
-0.0004    -0.0015    0.001    71435.2828    10205.0404
0.001    -0.001    0.001    71449.7783    10207.1112
0.0004    0.002    -0.0005    71465.5806    10209.3687
-0.0008    0.0005    0.0    71656.0716    10236.5817
-0.0002    -0.0025    0.0015    72123.1797    10303.3114
-0.0004    -0.002    -0.002    72159.0494    10308.4356
0.0002    0.003    -0.001    72535.2365    10362.1766
-0.001    0.0015    -0.0005    72564.7573    10366.3939
0.0002    -0.004    -0.001    73083.4362    10440.4909
-0.0    -0.0035    0.002    73343.2708    10477.6101
-0.0    -0.003    -0.0015    73605.2894    10515.0413
0.0006    0.0    0.0005    73791.6191    10541.6599
0.0004    0.001    0.0    73860.9389    10551.5627
-0.0    0.004    -0.0015    74137.0865    10591.0124
-0.0008    -0.0005    0.0005    74207.5888    10601.0841
0.0008    -0.001    0.001    74254.4934    10607.7848
-0.0006    -0.0015    0.001    74299.2392    10614.177
0.0002    0.002    -0.0005    74462.4529    10637.4933
-0.001    0.0005    0.0    74648.1327    10664.019
-0.0002    -0.002    -0.002    74659.3367    10665.6195
-0.0004    -0.0025    0.0015    74923.0837    10703.2977
0.001    -0.002    0.0015    75249.562    10749.9374
-0.0    0.003    -0.001    75596.1611    10799.4516
0.0004    -0.004    -0.001    75778.3456    10825.4779
-0.0002    -0.0035    0.002    76079.1224    10868.4461
0.0002    -0.003    -0.0015    76236.1463    10890.878
0.0004    0.0    0.0005    76726.9039    10960.9863
0.0002    0.001    0.0    76860.2761    10980.0394
0.0006    -0.001    0.001    77125.7259    11017.9608
-0.001    -0.0005    0.0005    77202.1149    11028.8736
-0.0    -0.002    -0.002    77226.1413    11032.3059
-0.0008    -0.0015    0.001    77229.7128    11032.8161
-0.0002    0.004    -0.0015    77262.0635    11037.4376
-0.0    0.002    -0.0005    77525.8425    11075.1204
-0.0006    -0.0025    0.0015    77789.5049    11112.7864
0.0008    -0.002    0.0015    78056.742    11150.9631
0.0006    -0.004    -0.001    78539.7722    11219.9675
-0.0002    0.003    -0.001    78723.6031    11246.229
-0.0004    -0.0035    0.002    78881.4913    11268.7845
0.0004    -0.003    -0.0015    78933.5206    11276.2172
0.001    -0.003    0.002    79519.9524    11359.9932
0.0002    0.0    0.0005    79728.706    11389.8151
0.0002    -0.002    -0.002    79859.4631    11408.4947
-0.0    0.001    0.0    79926.1306    11418.0187
0.0004    -0.001    0.001    80063.4756    11437.6394
-0.001    -0.0015    0.001    80226.7037    11460.9577
-0.0004    0.004    -0.0015    80453.5579    11493.3654
-0.0002    0.002    -0.0005    80655.7493    11522.2499
0.001    0.0035    -0.001    80692.9195    11527.5599
-0.0008    -0.0025    0.0015    80722.4435    11531.7776
-0.001    -0.0035    -0.0015    80779.7645    11539.9664
0.0006    -0.002    0.0015    80930.4394    11561.4913
0.0008    -0.004    -0.001    81367.7161    11623.9594
0.0006    -0.003    -0.0015    81697.4121    11671.0589
-0.0006    -0.0035    0.002    81750.3774    11678.6253
-0.0004    0.003    -0.001    81917.5623    11702.5089
0.0008    -0.003    0.002    82329.5973    11761.371
0.0004    -0.002    -0.002    82559.3023    11794.186
-0.0    0.0    0.0005    82797.0253    11828.1465
0.001    0.0025    -0.0005    82939.5135    11848.5019
-0.0002    0.001    0.0    83058.5023    11865.5003
0.0002    -0.001    0.001    83067.7426    11866.8204
-0.0008    -0.0035    -0.0015    83484.4148    11926.345
-0.0006    0.004    -0.0015    83711.5695    11958.7956
-0.001    -0.0025    0.0015    83721.8993    11960.2713
-0.0004    0.002    -0.0005    83852.1735    11978.8819
0.0004    -0.002    0.0015    83870.654    11981.522
0.0008    0.0035    -0.001    83894.1548    11984.8793
0.001    -0.004    -0.001    84262.1773    12037.4539
0.0008    -0.003    -0.0015    84527.8209    12075.403
-0.0008    -0.0035    0.002    84685.7809    12097.9687
-0.001    -0.0025    -0.002    84717.529    12102.5041
-0.0006    0.003    -0.001    85178.0388    12168.2913
0.0006    -0.003    0.002    85205.7596    12172.2514
0.0006    -0.002    -0.002    85325.6587    12189.3798
0.001    0.0015    0.0    85656.7142    12236.6735
-0.0002    0.0    0.0005    85931.862    12275.9803
-0.0    -0.001    0.001    86138.5268    12305.5038
0.0008    0.0025    -0.0005    86143.2137    12306.1734
-0.0006    -0.0035    -0.0015    86255.5824    12322.2261
-0.0004    0.001    0.0    86257.3914    12322.4845
0.0002    -0.002    0.0015    86877.3859    12411.0551
-0.0008    0.004    -0.0015    87036.0984    12433.7283
-0.0006    0.002    -0.0005    87115.1149    12445.0164
0.0006    0.0035    -0.001    87161.9074    12451.7011
-0.0008    -0.0025    -0.002    87424.6442    12489.2349
0.001    -0.003    -0.0015    87424.747    12489.2496
-0.001    -0.0035    0.002    87687.7016    12526.8145
0.0004    -0.003    0.002    88148.4391    12592.6342
0.0008    -0.002    -0.002    88158.5324    12594.0761
-0.0008    0.003    -0.001    88505.0326    12643.5761
0.001    0.0005    0.0005    88844.5216    12692.0745
0.0008    0.0015    0.0    88862.8793    12694.697
-0.0004    -0.0035    -0.0015    89093.2673    12727.6096
-0.0004    0.0    0.0005    89133.2159    12733.3166
-0.0002    -0.001    0.001    89275.8284    12753.6898
0.0006    0.0025    -0.0005    89413.4312    12773.3473
-0.0006    0.001    0.0    89522.7977    12788.9711
-0.0    -0.002    0.0015    89950.635    12850.0907
-0.0006    -0.0025    -0.002    90198.2767    12885.4681
-0.001    0.004    -0.0015    90427.1446    12918.1635
-0.0008    0.002    -0.0005    90444.5736    12920.6534
0.0004    0.0035    -0.001    90496.1772    12928.0253
0.001    -0.002    -0.002    91057.9234    13008.2748
0.0002    -0.003    0.002    91157.6359    13022.5194
-0.001    0.003    -0.001    91898.5437    13128.3634
-0.0002    -0.0035    -0.0015    91997.4695    13142.4956
0.0008    0.0005    0.0005    92053.1516    13150.4502
0.0006    0.0015    0.0    92135.5617    13162.2231
-0.0006    0.0    0.0005    92401.0872    13200.1553
-0.0004    -0.001    0.001    92479.6472    13211.3782
0.001    -0.0005    0.001    92502.9357    13214.7051
0.0004    0.0025    -0.0005    92750.1659    13250.0237
-0.0008    0.001    0.0    92854.7213    13264.9602
-0.0004    -0.0025    -0.002    93038.4265    13291.2038
-0.0002    -0.002    0.0015    93090.4015    13298.6288
-0.001    0.002    -0.0005    93840.5496    13405.7928
0.0002    0.0035    -0.001    93896.9644    13413.8521
-0.0    -0.003    0.002    94233.3499    13461.9071
-0.0    -0.0035    -0.0015    94968.1889    13566.8841
0.0006    0.0005    0.0005    95328.2989    13618.3284
0.0004    0.0015    0.0    95474.7613    13639.2516
0.0008    -0.0005    0.001    95714.0306    13673.4329
-0.0008    0.0    0.0005    95735.4757    13676.4965
-0.0006    -0.001    0.001    95749.9834    13678.5691
-0.0002    -0.0025    -0.002    95945.0936    13706.4419
0.0002    0.0025    -0.0005    96153.418    13736.2026
-0.001    0.001    0.0    96253.1622    13750.4517
-0.0004    -0.002    0.0015    96296.6852    13756.6693
0.001    -0.0015    0.0015    96631.9565    13804.5652
-0.0    0.0035    -0.001    97364.2688    13909.1813
-0.0002    -0.003    0.002    97375.5813    13910.7973
0.0002    -0.0035    -0.0015    98005.4256    14000.7751
0.0004    0.0005    0.0005    98669.9634    14095.7091
0.0002    0.0015    0.0    98880.4783    14125.7826
-0.0    -0.0025    -0.002    98918.2779    14131.1826
0.0006    -0.0005    0.001    98991.6428    14141.6633
-0.0008    -0.001    0.001    99086.8368    14155.2624
-0.001    0.0    0.0005    99136.3815    14162.3402
-0.0006    -0.002    0.0015    99569.4863    14224.2123
-0.0    0.0025    -0.0005    99623.1873    14231.8839
0.0008    -0.0015    0.0015    99845.5163    14263.6452
-0.0004    -0.003    0.002    100584.33    14369.19
-0.0002    0.0035    -0.001    100898.0906    14414.0129
0.0004    -0.0035    -0.0015    101109.1797    14444.1685
0.001    -0.0025    0.002    101231.584    14461.6549
0.0002    -0.0025    -0.002    101957.9796    14565.4257
0.0002    0.0005    0.0005    102078.1453    14582.5922
0.0004    -0.0005    0.001    102335.7723    14619.396
-0.0    0.0015    0.0    102352.7125    14621.8161
-0.001    -0.001    0.001    102490.2075    14641.4582
-0.0008    -0.002    0.0015    102908.8046    14701.2578
-0.001    -0.004    -0.0015    102964.2166    14709.1738
0.0006    -0.0015    0.0015    103125.5934    14732.2276
-0.0002    0.0025    -0.0005    103159.474    14737.0677
0.001    0.004    -0.001    103282.5797    14754.6542
-0.0006    -0.003    0.002    103859.5959    14837.0851
0.0006    -0.0035    -0.0015    104279.451    14897.0644
0.0008    -0.0025    0.002    104447.6088    14921.087
-0.0004    0.0035    -0.001    104498.4296    14928.3471
0.0004    -0.0025    -0.002    105064.1985    15009.1712
-0.0    0.0005    0.0005    105552.8444    15078.9778
0.0002    -0.0005    0.001    105746.419    15106.6313
0.001    0.003    -0.0005    105858.4108    15122.6301
-0.0002    0.0015    0.0    105891.4641    15127.352
-0.0008    -0.004    -0.0015    106075.2466    15153.6067
-0.001    -0.002    0.0015    106314.6402    15187.8057
0.0004    -0.0015    0.0015    106472.1878    15210.3125
-0.0004    0.0025    -0.0005    106762.2779    15251.754
0.0008    0.004    -0.001    106890.1948    15270.0278
-0.0008    -0.003    0.002    107201.3791    15314.4827
-0.001    -0.003    -0.002    107231.2182    15318.7455
0.0008    -0.0035    -0.0015    107516.2395    15359.4628
0.0006    -0.0025    0.002    107730.1508    15390.0215
-0.0006    0.0035    -0.001    108165.2858    15452.1837
0.0006    -0.0025    -0.002    108236.9347    15462.4192
0.001    0.002    0.0    108904.8486    15557.8355
-0.0002    0.0005    0.0005    109094.0609    15584.8658
-0.0    -0.0005    0.001    109223.5831    15603.369
-0.0006    -0.004    -0.0015    109252.794    15607.542
0.0008    0.003    -0.0005    109468.4908    15638.3558
-0.0004    0.0015    0.0    109496.7329    15642.3904
0.0002    -0.0015    0.0015    109885.2995    15697.8999
-0.0008    -0.003    -0.002    110344.7132    15763.5305
-0.0006    0.0025    -0.0005    110431.599    15775.9427
0.0006    0.004    -0.001    110564.3271    15794.9039
-0.001    -0.003    0.002    110609.6796    15801.3828
0.001    -0.0035    -0.0015    110819.5454    15831.3636
0.0004    -0.0025    0.002    111079.21    15868.4586
0.0008    -0.0025    -0.002    111476.1882    15925.1697
-0.0008    0.0035    -0.001    111898.6594    15985.5228
0.001    0.001    0.0005    112421.8932    16060.2705
-0.0004    -0.004    -0.0015    112496.8587    16070.9798
0.0008    0.002    0.0    112517.3935    16073.9134
-0.0004    0.0005    0.0005    112701.7946    16100.2564
-0.0002    -0.0005    0.001    112767.2644    16109.6092
0.0006    0.003    -0.0005    113145.088    16163.584
-0.0006    0.0015    0.0    113168.5189    16166.9313
-0.0    -0.0015    0.0015    113364.9284    16194.9898
-0.0006    -0.003    -0.002    113524.7255    16217.8179
-0.0008    0.0025    -0.0005    114167.4375    16309.6339
0.0004    0.004    -0.001    114304.9768    16329.2824
0.0002    -0.0025    0.002    114494.7866    16356.3981
0.001    -0.0025    -0.002    114781.9589    16397.4227
-0.001    0.0035    -0.001    115698.5503    16528.3643
-0.0002    -0.004    -0.0015    115807.4406    16543.9201
0.0008    0.001    0.0005    116036.903    16576.7004
0.0006    0.002    0.0    116196.4557    16599.4937
-0.0006    0.0005    0.0005    116376.0456    16625.1494
-0.0004    -0.0005    0.001    116377.463    16625.3519
0.001    0.0    0.001    116409.5444    16629.9349
-0.0004    -0.003    -0.002    116771.255    16681.6079
0.0004    0.003    -0.0005    116888.2026    16698.3147
-0.0008    0.0015    0.0    116906.8223    16700.9746
-0.0002    -0.0015    0.0015    116911.0746    16701.5821
-0.001    0.0025    -0.0005    117969.7933    16852.8276
-0.0    -0.0025    0.002    117976.8804    16853.8401
0.0002    0.004    -0.001    118112.1437    16873.1634
-0.0    -0.004    -0.0015    119184.5398    17026.3628
0.0006    0.001    0.0005    119718.43    17102.6329
0.0004    0.002    0.0    119942.0351    17134.5764
0.0008    0.0    0.001    120027.0191    17146.717
-0.0006    -0.0005    0.001    120054.1789    17150.597
-0.0002    -0.003    -0.002    120084.3019    17154.9003
-0.0008    0.0005    0.0005    120116.8138    17159.5448
-0.0004    -0.0015    0.0015    120523.7381    17217.6769
0.0002    0.003    -0.0005    120697.8344    17242.5478
-0.001    0.0015    0.0    120711.643    17244.5204
0.001    -0.001    0.0015    120867.8024    17266.8289
-0.0002    -0.0025    0.002    121525.4916    17360.7845
-0.0    0.004    -0.001    121985.8279    17426.5468
0.0002    -0.004    -0.0015    122628.1563    17518.308
-0.0    -0.003    -0.002    123463.866    17637.6951
0.0004    0.001    0.0005    123466.4744    17638.0678
0.0006    0.0    0.001    123711.0111    17673.0016
0.0002    0.002    0.0    123754.1318    17679.1617
-0.0008    -0.0005    0.001    123797.4121    17685.3446
-0.001    0.0005    0.0005    123924.0994    17703.4428
-0.0006    -0.0015    0.0015    124202.9189    17743.2741
0.0008    -0.001    0.0015    124487.742    17783.9631
-0.0    0.003    -0.0005    124573.9835    17796.2834
-0.0004    -0.0025    0.002    125140.62    17877.2314
0.001    -0.002    0.002    125796.6671    17970.9524
-0.0002    0.004    -0.001    125926.0294    17989.4328
0.0004    -0.004    -0.0015    126138.2901    18019.7557
0.0002    -0.003    -0.002    126909.9474    18129.9925
0.0002    0.001    0.0005    127281.036    18183.0051
0.0004    0.0    0.001    127461.5203    18208.7886
-0.001    -0.0005    0.001    127607.1625    18229.5946
-0.0    0.002    0.0    127632.7458    18233.2494
-0.0008    -0.0015    0.0015    127948.617    18278.3739
0.0006    -0.001    0.0015    128174.1988    18310.5998
-0.0002    0.003    -0.0005    128516.6499    18359.5214
-0.0006    -0.0025    0.002    128822.2657    18403.1808
0.0008    -0.002    0.002    129419.0715    18488.4388
0.0006    -0.004    -0.0015    129714.9412    18530.7059
-0.0004    0.004    -0.001    129932.7481    18561.8212
0.0004    -0.003    -0.002    130422.5461    18631.7923
-0.0    0.001    0.0005    131162.1149    18737.445
0.0002    0.0    0.001    131278.5468    18754.0781
-0.0002    0.002    0.0    131577.8771    18796.8396
0.001    0.0035    -0.0005    131630.7595    18804.3942
-0.001    -0.0015    0.0015    131760.8324    18822.9761
0.0004    -0.001    0.0015    131927.173    18846.739
-0.0004    0.003    -0.0005    132525.8336    18932.2619
-0.0008    -0.0025    0.002    132570.4286    18938.6327
-0.001    -0.0035    -0.002    132598.3587    18942.6227
0.0006    -0.002    0.002    133107.9933    19015.4276
0.0008    -0.004    -0.0015    133358.1095    19051.1585
0.0006    -0.003    -0.002    134001.662    19143.0946
-0.0006    0.004    -0.001    134005.9842    19143.712
0.001    0.0025    0.0    135006.4345    19286.6335
-0.0002    0.001    0.0005    135109.7111    19301.3873
-0.0    0.0    0.001    135162.0906    19308.8701
-0.0004    0.002    0.0    135589.5257    19369.9322
0.0008    0.0035    -0.0005    135647.2192    19378.1742
0.0002    -0.001    0.0015    135746.6644    19392.3806
-0.0008    -0.0035    -0.002    136118.2335    19445.4619
-0.001    -0.0025    0.002    136385.1089    19483.587
-0.0006    0.003    -0.0005    136601.5345    19514.5049
0.0004    -0.002    0.002    136863.4323    19551.9189
0.001    -0.004    -0.0015    137067.7951    19581.1136
0.0008    -0.003    -0.002    137647.2953    19663.8993
-0.0008    0.004    -0.001    138145.7375    19735.1054
0.001    0.0015    0.0005    138852.7161    19836.1023
0.0008    0.0025    0.0    139025.3591    19860.7656
-0.0002    0.0    0.001    139112.1517    19873.1645
-0.0004    0.001    0.0005    139123.8246    19874.8321
-0.0    -0.001    0.0015    139632.6731    19947.5247
-0.0006    0.002    0.0    139667.6916    19952.5274
-0.0006    -0.0035    -0.002    139704.6255    19957.8036
0.0006    0.0035    -0.0005    139730.1963    19961.4566
0.0002    -0.002    0.002    140685.3887    20097.9127
-0.0008    0.003    -0.0005    140743.7528    20106.2504
0.001    -0.003    -0.002    141359.4458    20194.2065
-0.001    0.004    -0.001    142352.0081    20336.0012
0.0008    0.0015    0.0005    142874.1057    20410.5865
0.0006    0.0025    0.0    143110.801    20444.4001
-0.0004    0.0    0.001    143128.7301    20446.9614
0.001    0.0005    0.001    143169.6045    20452.8006
-0.0006    0.001    0.0005    143204.4553    20457.7793
-0.0004    -0.0035    -0.002    143357.5349    20479.6478
-0.0002    -0.001    0.0015    143585.1991    20512.1713
-0.0008    0.002    0.0    143812.3747    20544.625
0.0004    0.0035    -0.0005    143879.6906    20554.2415
-0.0    -0.002    0.002    144573.8623    20653.4089
-0.001    0.003    -0.0005    144952.4883    20707.4983
0.0006    0.0015    0.0005    146962.0125    20994.5732
-0.0002    -0.0035    -0.002    147076.9615    21010.9945
0.0008    0.0005    0.001    147193.459    21027.637
-0.0006    0.0    0.001    147211.8258    21030.2608
0.0004    0.0025    0.0    147262.7602    21037.5372
-0.0008    0.001    0.0005    147351.6033    21050.229
-0.0004    -0.001    0.0015    147604.2424    21086.3203
0.001    -0.0005    0.0015    147957.0996    21136.7285
-0.001    0.002    0.0    148023.5751    21146.225
0.0002    0.0035    -0.0005    148095.7022    21156.5289
-0.0002    -0.002    0.002    148528.8532    21218.4076
-0.0    -0.0035    -0.002    150862.9053    21551.8436
0.0004    0.0015    0.0005    151116.4366    21588.0624
0.0006    0.0005    0.001    151283.8307    21611.9758
-0.0008    0.0    0.001    151361.4387    21623.0627
0.0002    0.0025    0.0    151481.2367    21640.1767
-0.001    0.001    0.0005    151565.2687    21652.1812
-0.0006    -0.001    0.0015    151689.8029    21669.9718
0.0008    -0.0005    0.0015    151983.4189    21711.917
-0.0    0.0035    -0.0005    152378.231    21768.3187
-0.0004    -0.002    0.002    152550.3614    21792.9088
0.001    -0.0015    0.002    153215.2014    21887.8859
0.0002    -0.0035    -0.002    154715.3665    22102.1952
0.0002    0.0015    0.0005    155337.378    22191.054
0.0004    0.0005    0.001    155440.7197    22205.8171
-0.001    0.0    0.001    155577.5689    22225.367
-0.0    0.0025    0.0    155766.2305    22252.3186
-0.0008    -0.001    0.0015    155841.8808    22263.1258
0.0006    -0.0005    0.0015    156076.2556    22296.6079
-0.0006    -0.002    0.002    156638.3868    22376.9124
-0.0002    0.0035    -0.0005    156727.2772    22389.611
0.0008    -0.0015    0.002    157243.9856    22463.4265
0.0004    -0.0035    -0.002    158634.345    22662.0493
-0.0    0.0015    0.0005    159624.8367    22803.5481
0.0002    0.0005    0.001    159664.126    22809.1609
-0.001    -0.001    0.0015    160060.4759    22865.7823
-0.0002    0.0025    0.0    160117.7416    22873.9631
0.0004    -0.0005    0.0015    160235.6095    22890.8014
0.001    0.004    -0.0005    160256.5595    22893.7942
-0.0008    -0.002    0.002    160792.9296    22970.4185
-0.001    -0.004    -0.002    160818.9506    22974.1358
-0.0004    0.0035    -0.0005    161142.8406    23020.4058
0.0006    -0.0015    0.002    161339.2872    23048.4696
0.0006    -0.0035    -0.002    162619.8407    23231.4058
-0.0    0.0005    0.001    163954.0496    23422.0071
0.001    0.003    0.0    163961.4716    23423.0674
-0.0002    0.0015    0.0005    163978.8126    23425.5447
0.0002    -0.0005    0.0015    164461.4807    23494.4972
-0.0004    0.0025    0.0    164535.7699    23505.11
0.0008    0.004    -0.0005    164679.399    23525.6284
-0.0008    -0.004    -0.002    164745.2052    23535.0293
-0.001    -0.002    0.002    165013.9896    23573.4271
0.0004    -0.0015    0.002    165501.106    23643.0151
-0.0006    0.0035    -0.0005    165624.9213    23660.703
0.0008    -0.0035    -0.002    166671.8537    23810.2648
0.001    0.002    0.0005    168136.9904    24019.5701
-0.0002    0.0005    0.001    168310.4904    24044.3558
0.0008    0.003    0.0    168386.776    24055.2537
-0.0004    0.0015    0.0005    168399.3059    24057.0437
-0.0006    -0.004    -0.002    168737.977    24105.4253
-0.0    -0.0005    0.0015    168753.8692    24107.6956
-0.0006    0.0025    0.0    169020.3155    24145.7594
0.0006    0.004    -0.0005    169168.7558    24166.9651
0.0002    -0.0015    0.002    169729.4421    24247.0632
-0.0008    0.0035    -0.0005    170173.5193    24310.5028
0.001    -0.0035    -0.002    170790.384    24398.6263
0.0008    0.002    0.0005    172564.7597    24652.1085
-0.0004    0.0005    0.001    172733.4486    24676.2069
0.001    0.001    0.001    172783.1159    24683.3023
-0.0004    -0.004    -0.002    172797.266    24685.3237
0.0006    0.003    0.0    172878.5977    24696.9425
-0.0006    0.0015    0.0005    172886.3164    24698.0452
-0.0002    -0.0005    0.0015    173112.7749    24730.3964
-0.0008    0.0025    0.0    173571.3784    24795.9112
0.0004    0.004    -0.0005    173724.6299    24817.8043
-0.0    -0.0015    0.002    174024.2955    24860.6136
-0.001    0.0035    -0.0005    174788.6346    24969.8049
-0.0002    -0.004    -0.002    176923.0724    25274.7246
0.0006    0.002    0.0005    177059.0463    25294.1495
0.0008    0.001    0.001    177213.3501    25316.1929
-0.0006    0.0005    0.001    177222.924    25317.5606
0.0004    0.003    0.0    177436.9367    25348.1338
-0.0008    0.0015    0.0005    177439.8442    25348.5492
-0.0004    -0.0005    0.0015    177538.198    25362.5997
0.001    0.0    0.0015    177899.8482    25414.264
-0.001    0.0025    0.0    178188.9586    25455.5655
0.0002    0.004    -0.0005    178347.0212    25478.1459
-0.0002    -0.0015    0.002    178385.6661    25483.6666
-0.0    -0.004    -0.002    181115.3961    25873.628
0.0004    0.002    0.0005    181619.8502    25945.6929
0.0006    0.001    0.001    181710.1016    25958.5859
-0.0008    0.0005    0.001    181778.9167    25968.4167
-0.0006    -0.0005    0.0015    182030.1383    26004.3055
-0.001    0.0015    0.0005    182059.8893    26008.5556
0.0002    0.003    0.0    182061.7929    26008.8276
0.0008    0.0    0.0015    182332.5473    26047.5068
-0.0004    -0.0015    0.002    182813.5541    26116.222
-0.0    0.004    -0.0005    183035.9299    26147.99
0.001    -0.001    0.002    183487.1871    26212.4553
0.0002    -0.004    -0.002    185374.237    26482.0339
0.0002    0.002    0.0005    186247.1714    26606.7388
0.0004    0.001    0.001    186273.3704    26610.4815
-0.001    0.0005    0.001    186401.4267    26628.7752
-0.0008    -0.0005    0.0015    186588.5959    26655.5137
-0.0    0.003    0.0    186753.1665    26679.0238
0.0006    0.0    0.0015    186831.7637    26690.252
-0.0006    -0.0015    0.002    187307.9593    26758.2799
-0.0002    0.004    -0.0005    187791.3558    26827.3365
0.0008    -0.001    0.002    187922.3511    26846.0502
0.0004    -0.004    -0.002    189699.5952    27099.9422
0.0002    0.001    0.001    190903.1565    27271.8795
-0.0    0.002    0.0005    190941.0098    27277.2871
-0.001    -0.0005    0.0015    191213.5708    27316.2244
0.0004    0.0    0.0015    191397.4973    27342.4996
-0.0002    0.003    0.0    191511.0573    27358.7225
-0.0008    -0.0015    0.002    191868.8818    27409.8403
0.0006    -0.001    0.002    192424.0324    27489.1475
-0.0004    0.004    -0.0005    192613.299    27516.1856
0.0006    -0.004    -0.002    194091.4707    27727.353
-0.0    0.001    0.001    195599.4598    27942.78
-0.0002    0.002    0.0005    195701.3655    27957.3379
0.001    0.0035    0.0    195769.9601    27967.1372
0.0002    0.0    0.0015    196029.7483    28004.2498
-0.0004    0.003    0.0    196335.4654    28047.9236
-0.001    -0.0015    0.002    196496.3216    28070.9031
0.0004    -0.001    0.002    196992.231    28141.7473
-0.0006    0.004    -0.0005    197501.7595    28214.5371
0.0008    -0.004    -0.002    198549.8635    28364.2662
0.001    0.0025    0.0005    200274.716    28610.6737
-0.0002    0.001    0.001    200362.2804    28623.1829
-0.0004    0.002    0.0005    200528.2385    28646.8912
0.0008    0.0035    0.0    200601.6443    28657.3778
-0.0    0.0    0.0015    200728.5165    28675.5024
-0.0006    0.003    0.0    201226.3908    28746.6273
0.0002    -0.001    0.002    201626.9468    28803.8495
-0.0008    0.004    -0.0005    202456.7373    28922.391
0.001    -0.004    -0.002    203074.7736    29010.6819
0.0008    0.0025    0.0005    205108.8651    29301.2664
-0.0004    0.001    0.001    205191.6183    29313.0883
0.001    0.0015    0.001    205250.0787    29321.4398
-0.0006    0.002    0.0005    205421.6288    29345.947
-0.0002    0.0    0.0015    205493.8021    29356.2574
0.0006    0.0035    0.0    205499.8458    29357.1208
-0.0008    0.003    0.0    206183.8335    29454.8334
-0.0    -0.001    0.002    206328.18    29475.4543
-0.001    0.004    -0.0005    207478.2323    29639.7475
0.0006    0.0025    0.0005    210009.5315    30001.3616
0.0008    0.0015    0.001    210086.6927    30012.3847
-0.0006    0.001    0.001    210087.4735    30012.4962
-0.0004    0.0    0.0015    210325.6049    30046.515
-0.0008    0.002    0.0005    210381.5364    30054.5052
0.0004    0.0035    0.0    210464.5645    30066.3664
0.001    0.0005    0.0015    210696.048    30099.4354
-0.0002    -0.001    0.002    211095.9304    30156.5615
-0.001    0.003    0.0    211207.7934    30172.5419
0.0004    0.0025    0.0005    214976.7151    30710.9593
0.0006    0.0015    0.001    214989.8239    30712.832
-0.0008    0.001    0.001    215049.846    30721.4066
-0.0006    0.0    0.0015    215223.925    30746.275
-0.001    0.002    0.0005    215407.9612    30772.5659
0.0002    0.0035    0.0    215495.8005    30785.1144
0.0008    0.0005    0.0015    215535.1269    30790.7324
-0.0004    -0.001    0.002    215930.1981    30847.1712
0.001    -0.0005    0.002    216612.6241    30944.6606
0.0004    0.0015    0.001    219959.4725    31422.7818
0.0002    0.0025    0.0005    220010.4161    31430.0594
-0.001    0.001    0.001    220078.7358    31439.8194
-0.0008    0.0    0.0015    220188.7623    31455.5375
0.0006    0.0005    0.0015    220440.7231    31491.5319
-0.0    0.0035    0.0    220593.5538    31513.3648
-0.0006    -0.001    0.002    220830.9831    31547.2833
0.0008    -0.0005    0.002    221454.1679    31636.3097
0.0002    0.0015    0.001    224995.6383    32142.234
-0.0    0.0025    0.0005    225110.6343    32158.662
-0.001    0.0    0.0015    225220.117    32174.3024
0.0004    0.0005    0.0015    225412.8365    32201.8338
-0.0002    0.0035    0.0    225757.8244    32251.1178
-0.0008    -0.001    0.002    225798.2854    32256.8979
0.0006    -0.0005    0.002    226362.229    32337.4613
-0.0    0.0015    0.001    230098.3214    32871.1888
-0.0002    0.0025    0.0005    230277.3698    32896.7671
0.001    0.004    0.0    230431.9    32918.8429
0.0002    0.0005    0.0015    230451.4673    32921.6382
-0.001    -0.001    0.002    230832.1049    32976.015
-0.0004    0.0035    0.0    230988.6123    32998.3732
0.0004    -0.0005    0.002    231336.8073    33048.1153
0.001    0.003    0.0005    235265.893    33609.4133
-0.0002    0.0015    0.001    235267.5218    33609.646
-0.0004    0.0025    0.0005    235510.6225    33644.3746
-0.0    0.0005    0.0015    235556.6153    33650.945
0.0008    0.004    0.0    235669.9639    33667.1377
-0.0006    0.0035    0.0    236285.9174    33755.1311
0.0002    -0.0005    0.002    236377.9029    33768.2718
-0.0004    0.0015    0.001    240503.2395    34357.6056
0.0008    0.003    0.0005    240506.4219    34358.0603
0.001    0.002    0.001    240570.4928    34367.2133
-0.0002    0.0005    0.0015    240728.2806    34389.7544
-0.0006    0.0025    0.0005    240810.3926    34401.4847
0.0006    0.004    0.0    240974.5451    34424.935
-0.0    -0.0005    0.002    241485.5158    34497.9308
-0.0008    0.0035    0.0    241649.7399    34521.3914
-0.0006    0.0015    0.001    245805.4744    35115.0678
0.0006    0.003    0.0005    245813.468    35116.2097
0.0008    0.002    0.001    245813.4865    35116.2124
-0.0004    0.0005    0.0015    245966.4631    35138.0662
-0.0008    0.0025    0.0005    246176.6799    35168.0971
0.0004    0.004    0.0    246345.6436    35192.2348
0.001    0.001    0.0015    246345.6993    35192.2428
-0.0002    -0.0005    0.002    246659.646    35237.0923
-0.001    0.0035    0.0    247080.0796    35297.1542
0.0006    0.002    0.001    251122.9976    35874.7139
-0.0008    0.0015    0.001    251174.2267    35882.0324
0.0004    0.003    0.0005    251187.0314    35883.8616
-0.0006    0.0005    0.0015    251271.163    35895.8804
0.0008    0.001    0.0015    251591.1579    35941.594
-0.001    0.0025    0.0005    251609.4845    35944.2121
0.0002    0.004    0.0    251783.2594    35969.0371
-0.0004    -0.0005    0.002    251900.2935    35985.7562
0.001    0.0    0.002    252591.5125    36084.5018
0.0004    0.002    0.001    256499.0259    36642.718
-0.001    0.0015    0.001    256609.4962    36658.4995
0.0002    0.003    0.0005    256627.1121    36661.016
-0.0008    0.0005    0.0015    256642.3801    36663.1972
0.0006    0.001    0.0015    256903.1339    36700.4477
-0.0006    -0.0005    0.002    257207.4583    36743.9226
-0.0    0.004    0.0    257287.3925    36755.3418
0.0008    0.0    0.002    257839.436    36834.2051
0.0002    0.002    0.001    261941.5715    37420.2245
-0.001    0.0005    0.0015    262080.1146    37440.0164
-0.0    0.003    0.0005    262133.7101    37447.6729
0.0004    0.001    0.0015    262281.6271    37468.8039
-0.0008    -0.0005    0.002    262581.1403    37511.5915
-0.0002    0.004    0.0    262858.0429    37551.149
0.0006    0.0    0.002    263153.8769    37593.411
-0.0    0.002    0.001    267450.6344    38207.2335
-0.0002    0.003    0.0005    267706.8253    38243.8322
0.0002    0.001    0.0015    267726.6376    38246.6625
-0.001    -0.0005    0.002    268021.3396    38288.7628
-0.0004    0.004    0.0    268495.2105    38356.4586
0.0004    0.0    0.002    268534.835    38362.1193
-0.0002    0.002    0.001    273026.2145    39003.7449
0.001    0.0035    0.0005    273110.5213    39015.7888
-0.0    0.001    0.0015    273238.1653    39034.0236
-0.0004    0.003    0.0005    273346.4579    39049.494
0.0002    0.0    0.002    273982.3104    39140.3301
-0.0006    0.004    0.0    274198.8954    39171.2708
-0.0004    0.002    0.001    278668.312    39809.7589
0.001    0.0025    0.001    278744.3582    39820.6226
0.0008    0.0035    0.0005    278757.43    39822.49
-0.0002    0.001    0.0015    278816.2104    39830.8872
-0.0006    0.003    0.0005    279052.6077    39864.6582
-0.0    0.0    0.002    279496.303    39928.0433
-0.0008    0.004    0.0    279969.0976    39995.5854
-0.0006    0.002    0.001    284376.9267    40625.2752
0.0008    0.0025    0.001    284393.7318    40627.676
-0.0004    0.001    0.0015    284460.7727    40637.2532
0.0006    0.0035    0.0005    284470.8558    40638.6937
-0.0008    0.003    0.0005    284825.2748    40689.325
0.001    0.0015    0.0015    284848.8019    40692.686
-0.0002    0.0    0.002    285076.813    40725.259
-0.001    0.004    0.0    285805.8171    40829.4024
0.0006    0.0025    0.001    290109.6226    41444.2318
-0.0008    0.002    0.001    290152.0587    41450.2941
-0.0006    0.001    0.0015    290171.8524    41453.1218
0.0004    0.0035    0.0005    290250.799    41464.3999
0.0008    0.0015    0.0015    290500.6403    41500.0915
-0.001    0.003    0.0005    290664.4592    41523.4942
-0.0004    0.0    0.002    290723.8403    41531.9772
0.001    0.0005    0.002    291423.8522    41631.9789
0.0004    0.0025    0.001    295892.0306    42270.2901
-0.0008    0.001    0.0015    295949.4493    42278.4928
-0.001    0.002    0.001    295993.708    42284.8154
0.0002    0.0035    0.0005    296097.2595    42299.6085
0.0006    0.0015    0.0015    296218.996    42316.9994
-0.0006    0.0    0.002    296437.3848    42348.1978
0.0008    0.0005    0.002    297078.1555    42439.7365
0.0002    0.0025    0.001    301740.956    43105.8509
-0.001    0.001    0.0015    301793.5635    43113.3662
0.0004    0.0015    0.0015    302003.869    43143.4099
-0.0    0.0035    0.0005    302010.2372    43144.3196
-0.0008    0.0    0.002    302217.4466    43173.9209
0.0006    0.0005    0.002    302798.9761    43256.9966
-0.0    0.0025    0.001    307656.3986    43950.9141
0.0002    0.0015    0.0015    307855.2592    43979.3227
-0.0002    0.0035    0.0005    307989.7322    43998.5332
-0.001    0.0    0.002    308064.0257    44009.1465
0.0004    0.0005    0.002    308586.314    44083.7591
-0.0002    0.0025    0.001    313638.3586    44805.4798
-0.0    0.0015    0.0015    313773.1668    44824.7381
0.001    0.004    0.0005    313808.601    44829.8001
-0.0004    0.0035    0.0005    314035.7446    44862.2492
0.0002    0.0005    0.002    314440.1692    44920.0242
-0.0004    0.0025    0.001    319686.8358    45669.548
-0.0002    0.0015    0.0015    319757.5916    45679.6559
0.001    0.003    0.001    319771.675    45681.6679
0.0008    0.004    0.0005    319861.8894    45694.5556
-0.0006    0.0035    0.0005    320148.2741    45735.4677
-0.0    0.0005    0.002    320360.5416    45765.7917
-0.0006    0.0025    0.001    325801.8303    46543.1186
-0.0004    0.0015    0.0015    325808.5337    46544.0762
0.0008    0.003    0.001    325827.4283    46546.7755
0.0006    0.004    0.0005    325981.695    46568.8136
0.001    0.002    0.0015    326205.3558    46600.7651
-0.0008    0.0035    0.0005    326327.321    46618.1887
-0.0002    0.0005    0.002    326347.4313    46621.0616
-0.0006    0.0015    0.0015    331925.9931    47417.999
0.0006    0.003    0.001    331949.6989    47421.3856
-0.0008    0.0025    0.001    331983.342    47426.1917
0.0004    0.004    0.0005    332168.018    47452.574
0.0008    0.002    0.0015    332263.574    47466.2249
-0.0004    0.0005    0.002    332400.8383    47485.834
-0.001    0.0035    0.0005    332572.8852    47510.4122
0.001    0.001    0.002    333109.6432    47587.0919
-0.0008    0.0015    0.0015    338109.9698    48301.4243
0.0004    0.003    0.001    338138.4867    48305.4981
-0.001    0.0025    0.001    338231.3711    48318.7673
0.0006    0.002    0.0015    338388.3094    48341.1871
0.0002    0.004    0.0005    338420.8582    48345.8369
-0.0006    0.0005    0.002    338520.7626    48360.1089
0.0008    0.001    0.002    339170.3263    48452.9038
-0.001    0.0015    0.0015    344360.4637    49194.352
0.0002    0.003    0.001    344393.7919    49199.1131
0.0004    0.002    0.0015    344579.5622    49225.6517
-0.0008    0.0005    0.002    344707.2042    49243.8863
-0.0    0.004    0.0005    344740.2157    49248.6022
0.0006    0.001    0.002    345297.5267    49328.2181
-0.0    0.003    0.001    350715.6143    50102.2306
0.0002    0.002    0.0015    350837.3322    50119.6189
-0.001    0.0005    0.002    350960.1631    50137.1662
-0.0002    0.004    0.0005    351126.0905    50160.8701
0.0004    0.001    0.002    351491.2443    50213.0349
-0.0002    0.003    0.001    357103.954    51014.8506
-0.0    0.002    0.0015    357161.6195    51023.0885
-0.0004    0.004    0.0005    357578.4826    51082.6404
0.0002    0.001    0.002    357751.4793    51107.3542
-0.0002    0.002    0.0015    363552.4241    51936.0606
-0.0004    0.003    0.001    363558.8109    51936.973
0.001    0.0035    0.001    363652.4432    51950.349
-0.0    0.001    0.002    364078.2315    52011.1759
-0.0006    0.004    0.0005    364097.3919    52013.9131
-0.0004    0.002    0.0015    370009.746    52858.5351
-0.0006    0.003    0.001    370080.1852    52868.5979
0.0008    0.0035    0.001    370114.5762    52873.5109
0.001    0.0025    0.0015    370415.3611    52916.4802
-0.0002    0.001    0.002    370471.501    52924.5001
-0.0008    0.004    0.0005    370682.8186    52954.6884
-0.0006    0.002    0.0015    376533.5851    53790.5122
0.0006    0.0035    0.001    376643.2265    53806.1752
-0.0008    0.003    0.001    376668.0767    53809.7252
0.0008    0.0025    0.0015    376879.959    53839.9941
-0.0004    0.001    0.002    376931.2878    53847.3268
-0.001    0.004    0.0005    377334.7625    53904.9661
0.001    0.0015    0.002    377648.8856    53949.8408
-0.0008    0.002    0.0015    383123.9416    54731.9917
0.0004    0.0035    0.001    383238.3942    54748.342
-0.001    0.003    0.001    383322.4855    54760.3551
0.0006    0.0025    0.0015    383411.0742    54773.0106
-0.0006    0.001    0.002    383457.5918    54779.656
0.0008    0.0015    0.002    384115.9485    54873.7069
-0.001    0.002    0.0015    389780.8153    55682.9736
0.0002    0.0035    0.001    389900.0791    55700.0113
0.0004    0.0025    0.0015    390008.7067    55715.5295
-0.0008    0.001    0.002    390050.4132    55721.4876
0.0006    0.0015    0.002    390649.5286    55807.0755
-0.0    0.0035    0.001    396628.2812    56661.183
0.0002    0.0025    0.0015    396672.8565    56667.5509
-0.001    0.001    0.002    396709.7518    56672.8217
0.0004    0.0015    0.002    397249.626    56749.9466
-0.0    0.0025    0.0015    403403.5236    57629.0748
-0.0002    0.0035    0.001    403423.0007    57631.8572
0.0002    0.0015    0.002    403916.2407    57702.3201
-0.0002    0.0025    0.0015    410200.708    58600.1011
-0.0004    0.0035    0.001    410284.2374    58612.0339
0.001    0.004    0.001    410386.6626    58626.6661
-0.0    0.0015    0.002    410649.3727    58664.1961
-0.0004    0.0025    0.0015    417064.4096    59580.6299
-0.0006    0.0035    0.001    417211.9915    59601.7131
0.0008    0.004    0.001    417255.1755    59607.8822
-0.0002    0.0015    0.002    417449.022    59635.5746
0.001    0.003    0.0015    417478.8177    59639.8311
-0.0006    0.0025    0.0015    423994.6285    60570.6612
0.0006    0.004    0.001    424190.2056    60598.6008
-0.0008    0.0035    0.001    424206.2628    60600.8947
-0.0004    0.0015    0.002    424315.1885    60616.4555
0.0008    0.003    0.0015    424349.7954    60621.3993
0.001    0.002    0.002    425041.5794    60720.2256
-0.0008    0.0025    0.0015    430991.3648    61570.195
0.0004    0.004    0.001    431191.7529    61598.8218
-0.0006    0.0015    0.002    431247.8723    61606.8389
-0.001    0.0035    0.001    431267.0513    61609.5788
0.0006    0.003    0.0015    431287.2904    61612.4701
0.0008    0.002    0.002    431915.022    61702.146
-0.001    0.0025    0.0015    438054.6182    62579.2312
-0.0008    0.0015    0.002    438247.0735    62606.7248
0.0002    0.004    0.001    438259.8176    62608.5454
0.0004    0.003    0.0015    438291.3027    62613.0432
0.0006    0.002    0.002    438854.9819    62693.5688
-0.001    0.0015    0.002    445312.7918    63616.1131
0.0002    0.003    0.0015    445361.8322    63623.1189
-0.0    0.004    0.001    445394.3995    63627.7714
0.0004    0.002    0.002    445861.4591    63694.4942
-0.0    0.003    0.0015    452498.8791    64642.697
-0.0002    0.004    0.001    452595.4988    64656.4998
0.0002    0.002    0.002    452934.4535    64704.9219
-0.0002    0.003    0.0015    459702.4432    65671.7776
-0.0004    0.004    0.001    459863.1153    65694.7308
-0.0    0.002    0.002    460073.9653    65724.8522
-0.0004    0.003    0.0015    466972.5246    66710.3607
-0.0006    0.004    0.001    467197.2491    66742.4642
-0.0002    0.002    0.002    467279.9943    66754.2849
0.001    0.0035    0.0015    467395.7256    66770.8179
-0.0006    0.003    0.0015    474309.1233    67758.4462
-0.0004    0.002    0.002    474552.5406    67793.2201
-0.0008    0.004    0.001    474597.9001    67799.7
0.0008    0.0035    0.0015    474673.0831    67810.4404
0.001    0.0025    0.002    475287.7245    67898.2464
-0.0008    0.003    0.0015    481712.2393    68816.0342
-0.0006    0.002    0.002    481891.6042    68841.6577
0.0006    0.0035    0.0015    482016.9579    68859.5654
-0.001    0.004    0.001    482065.0685    68866.4384
0.0008    0.0025    0.002    482567.5468    68938.221
-0.001    0.003    0.0015    489181.8725    69883.1246
-0.0008    0.002    0.002    489297.1851    69899.5979
0.0004    0.0035    0.0015    489427.3499    69918.1928
0.0006    0.0025    0.002    489913.8865    69987.6981
-0.001    0.002    0.002    496769.2833    70967.0405
0.0002    0.0035    0.0015    496904.2592    70986.3227
0.0004    0.0025    0.002    497326.7435    71046.6776
-0.0    0.0035    0.0015    504447.6858    72063.9551
0.0002    0.0025    0.002    504806.1177    72115.1597
-0.0002    0.0035    0.0015    512057.6297    73151.09
-0.0    0.0025    0.002    512352.0092    73193.1442
-0.0004    0.0035    0.0015    519734.0909    74247.7273
-0.0002    0.0025    0.002    519964.418    74280.6311
0.001    0.004    0.0015    520166.0849    74309.4407
-0.0006    0.0035    0.0015    527477.0694    75353.8671
-0.0004    0.0025    0.002    527643.3441    75377.6206
0.0008    0.004    0.0015    527849.8221    75407.1174
0.001    0.003    0.002    528387.3209    75483.903
-0.0008    0.0035    0.0015    535286.5651    76469.5093
-0.0006    0.0025    0.002    535388.7874    76484.1125
0.0006    0.004    0.0015    535600.0767    76514.2967
0.0008    0.003    0.002    536073.523    76581.9319
-0.001    0.0035    0.0015    543162.5781    77594.654
-0.0008    0.0025    0.002    543200.7481    77600.1069
0.0004    0.004    0.0015    543416.8485    77630.9784
0.0006    0.003    0.002    543826.2425    77689.4632
-0.001    0.0025    0.002    551079.226    78725.6037
0.0002    0.004    0.0015    551300.1376    78757.1625
0.0004    0.003    0.002    551645.4792    78806.497
-0.0    0.004    0.0015    559249.944    79892.8491
0.0002    0.003    0.002    559531.2332    79933.0333
-0.0002    0.004    0.0015    567266.2676    81038.0382
-0.0    0.003    0.002    567483.5045    81069.0721
-0.0004    0.004    0.0015    575349.1086    82192.7298
-0.0002    0.003    0.002    575502.293    82214.6133
-0.0006    0.004    0.0015    583498.4668    83356.9238
-0.0004    0.003    0.002    583587.5989    83369.657
0.001    0.0035    0.002    584340.3686    83477.1955
-0.0008    0.004    0.0015    591714.3423    84530.6203
-0.0006    0.003    0.002    591739.422    84534.2031
0.0008    0.0035    0.002    592432.9506    84633.2787
-0.0008    0.003    0.002    599957.7624    85708.2518
-0.001    0.004    0.0015    599996.7351    85713.8193
0.0006    0.0035    0.002    600592.0498    85798.8643
-0.001    0.003    0.002    608242.6201    86891.8029
0.0004    0.0035    0.002    608817.6662    86973.9523
0.0002    0.0035    0.002    617109.8    88158.5429
-0.0    0.0035    0.002    625468.4511    89352.6359
-0.0002    0.0035    0.002    633893.6194    90556.2313
-0.0004    0.0035    0.002    642385.305    91769.3293
0.001    0.004    0.002    643146.8678    91878.124
-0.0006    0.0035    0.002    650943.5079    92991.9297
0.0008    0.004    0.002    651645.8294    93092.2613
-0.0008    0.0035    0.002    659568.2281    94224.0326
0.0006    0.004    0.002    660211.3084    94315.9012
-0.001    0.0035    0.002    668259.4655    95465.6379
0.0004    0.004    0.002    668843.3047    95549.0435
0.0002    0.004    0.002    677541.8182    96791.6883
-0.0    0.004    0.002    686306.849    98043.8356
-0.0002    0.004    0.002    695138.3971    99305.4853
-0.0004    0.004    0.002    704036.4625    100576.6375
-0.0006    0.004    0.002    713001.0451    101857.2922
-0.0008    0.004    0.002    722032.1451    103147.4493
-0.001    0.004    0.002    731129.7623    104447.1089
